#                                                                     --- full sequence ---- --- best 1 domain ---- --- domain number estimation ----
# target name              accession  query name           accession    E-value  score  bias   E-value  score  bias   exp reg clu  ov env dom rep inc description of target
#      ------------------- ---------- -------------------- ---------- --------- ------ ----- --------- ------ -----   --- --- --- --- --- --- --- --- ---------------------
GMO.00002518.v1.g587580.t1 -          GST_N                PF02798.27   2.1e-21   80.8   0.1   4.2e-21   79.8   0.1   1.5   1   0   0   1   1   1   1 -
GMO.00001014.v1.g090870.t1 -          GST_N                PF02798.27   2.1e-21   80.8   0.1   4.2e-21   79.8   0.1   1.5   1   0   0   1   1   1   1 -
GMO.00002317.v1.g453350.t1 -          GST_N                PF02798.27   3.6e-21   80.1   0.0   7.9e-21   79.0   0.0   1.6   1   0   0   1   1   1   1 -
GMO.00002695.v1.g660500.t1 -          GST_N                PF02798.27   3.6e-21   80.1   0.0   7.9e-21   79.0   0.0   1.6   1   0   0   1   1   1   1 -
GMO.00002695.v1.g660490.t1 -          GST_N                PF02798.27   6.2e-21   79.3   0.0   1.7e-20   77.9   0.0   1.7   2   0   0   2   2   1   1 -
GMO.00002317.v1.g453360.t1 -          GST_N                PF02798.27   1.3e-20   78.3   0.0   2.3e-20   77.5   0.0   1.4   1   0   0   1   1   1   1 -
GMO.00002518.v1.g587540.t1 -          GST_N                PF02798.27   4.5e-20   76.6   0.3   8.6e-20   75.7   0.3   1.5   1   0   0   1   1   1   1 -
GMO.00001014.v1.g090820.t1 -          GST_N                PF02798.27   4.5e-20   76.6   0.3   8.6e-20   75.7   0.3   1.5   1   0   0   1   1   1   1 -
GMO.00000743.v1.g064240.t1 -          GST_N                PF02798.27   8.6e-20   75.6   0.7   1.7e-19   74.7   0.2   1.7   2   0   0   2   2   1   1 -
GMO.00002271.v1.g399660.t1 -          GST_N                PF02798.27   8.6e-20   75.6   0.7   1.7e-19   74.7   0.2   1.7   2   0   0   2   2   1   1 -
GMO.00002319.v1.g469450.t1 -          GST_N                PF02798.27   1.1e-19   75.3   0.4   2.2e-19   74.3   0.1   1.7   2   0   0   2   2   1   1 -
GMO.00000827.v1.g069550.t1 -          GST_N                PF02798.27   1.8e-19   74.6   0.3   3.9e-19   73.5   0.1   1.7   2   0   0   2   2   1   1 -
GMO.00000827.v1.g069540.t1 -          GST_N                PF02798.27   1.8e-19   74.6   0.2   3.5e-19   73.7   0.2   1.5   1   0   0   1   1   1   1 -
GMO.00002319.v1.g469440.t1 -          GST_N                PF02798.27     2e-19   74.4   0.2   3.5e-19   73.7   0.2   1.4   1   0   0   1   1   1   1 -
GMO.00002518.v1.g587570.t1 -          GST_N                PF02798.27   2.7e-19   74.1   0.3   5.1e-19   73.2   0.3   1.5   1   0   0   1   1   1   1 -
GMO.00002176.v1.g338040.t1 -          GST_N                PF02798.27   3.2e-19   73.8   0.0   6.5e-19   72.8   0.0   1.5   1   0   0   1   1   1   1 -
GMO.00000174.v1.g002300.t1 -          GST_N                PF02798.27   3.2e-19   73.8   0.0   6.5e-19   72.8   0.0   1.5   1   0   0   1   1   1   1 -
GMO.00002518.v1.g587550.t1 -          GST_N                PF02798.27   3.3e-19   73.8   0.2   6.1e-19   72.9   0.2   1.5   1   0   0   1   1   1   1 -
GMO.00001014.v1.g090830.t1 -          GST_N                PF02798.27   4.2e-19   73.5   0.2     8e-19   72.5   0.2   1.5   1   0   0   1   1   1   1 -
GMO.00002176.v1.g338060.t1 -          GST_N                PF02798.27   4.3e-19   73.4   0.6   7.6e-19   72.6   0.1   1.7   2   0   0   2   2   1   1 -
GMO.00002176.v1.g338030.t1 -          GST_N                PF02798.27   4.4e-19   73.4   1.7   4.8e-19   73.3   0.3   1.7   2   0   0   2   2   1   1 -
GMO.00000174.v1.g002310.t1 -          GST_N                PF02798.27   4.7e-19   73.3   2.0   4.8e-19   73.3   0.3   1.8   2   0   0   2   2   1   1 -
GMO.00002518.v1.g587600.t1 -          GST_N                PF02798.27   5.6e-19   73.1   0.2   1.2e-18   71.9   0.2   1.6   1   0   0   1   1   1   1 -
GMO.00001014.v1.g090860.t1 -          GST_N                PF02798.27   5.7e-19   73.0   0.4     1e-18   72.2   0.4   1.4   1   0   0   1   1   1   1 -
GMO.00002497.v1.g564340.t1 -          GST_N                PF02798.27   5.8e-19   73.0   0.2     1e-18   72.2   0.2   1.4   1   0   0   1   1   1   1 -
GMO.00002498.v1.g565780.t1 -          GST_N                PF02798.27   5.8e-19   73.0   0.2     1e-18   72.2   0.2   1.4   1   0   0   1   1   1   1 -
GMO.00002518.v1.g587560.t1 -          GST_N                PF02798.27   9.3e-19   72.3   0.2   1.6e-18   71.6   0.2   1.4   1   0   0   1   1   1   1 -
GMO.00002497.v1.g564350.t1 -          GST_N                PF02798.27   1.1e-18   72.2   0.1   1.9e-18   71.4   0.1   1.4   1   0   0   1   1   1   1 -
GMO.00002498.v1.g565770.t1 -          GST_N                PF02798.27   1.1e-18   72.2   0.1   1.9e-18   71.4   0.1   1.4   1   0   0   1   1   1   1 -
GMO.00002695.v1.g660470.t1 -          GST_N                PF02798.27   1.1e-18   72.1   0.0   1.5e-18   71.7   0.0   1.2   1   0   0   1   1   1   1 -
GMO.00000174.v1.g002280.t1 -          GST_N                PF02798.27   1.3e-18   71.8   1.1   2.3e-18   71.1   0.1   1.9   2   0   0   2   2   1   1 -
GMO.00002453.v1.g539930.t1 -          GST_N                PF02798.27   2.2e-18   71.1   0.0   4.7e-18   70.1   0.0   1.6   1   0   0   1   1   1   1 -
GMO.00002453.v1.g539950.t1 -          GST_N                PF02798.27   2.6e-18   70.9   0.0   4.1e-18   70.3   0.0   1.3   1   0   0   1   1   1   1 -
GMO.00002582.v1.g624500.t1 -          GST_N                PF02798.27   2.6e-18   70.9   0.0   4.1e-18   70.3   0.0   1.3   1   0   0   1   1   1   1 -
GMO.00002317.v1.g453370.t1 -          GST_N                PF02798.27   2.6e-18   70.9   0.0   4.2e-18   70.3   0.0   1.3   1   0   0   1   1   1   1 -
GMO.00002453.v1.g539910.t1 -          GST_N                PF02798.27   2.7e-18   70.8   0.0   4.7e-18   70.1   0.0   1.4   1   0   0   1   1   1   1 -
GMO.00002582.v1.g624530.t1 -          GST_N                PF02798.27   2.7e-18   70.8   0.0   4.7e-18   70.1   0.0   1.4   1   0   0   1   1   1   1 -
GMO.00000827.v1.g069560.t1 -          GST_N                PF02798.27   2.9e-18   70.8   0.2   5.8e-18   69.8   0.2   1.5   1   0   0   1   1   1   1 -
GMO.00001014.v1.g090940.t1 -          GST_N                PF02798.27   3.9e-18   70.3   0.3   8.6e-18   69.2   0.3   1.6   1   0   0   1   1   1   1 -
GMO.00002518.v1.g587530.t1 -          GST_N                PF02798.27     5e-18   70.0   0.3   8.4e-18   69.3   0.3   1.4   1   0   0   1   1   1   1 -
GMO.00001014.v1.g090810.t1 -          GST_N                PF02798.27     5e-18   70.0   0.3   8.4e-18   69.3   0.3   1.4   1   0   0   1   1   1   1 -
GMO.00002453.v1.g539940.t1 -          GST_N                PF02798.27   5.3e-18   69.9   0.0     1e-17   69.0   0.0   1.5   1   0   0   1   1   1   1 -
GMO.00002650.v1.g653390.t1 -          GST_N                PF02798.27   5.5e-18   69.9   0.0   6.1e-18   69.7   0.0   1.0   1   0   0   1   1   1   1 -
GMO.00002319.v1.g469460.t1 -          GST_N                PF02798.27   7.1e-18   69.5   0.2   1.4e-17   68.5   0.2   1.5   1   0   0   1   1   1   1 -
GMO.00002453.v1.g539920.t1 -          GST_N                PF02798.27     1e-17   69.0   0.0   1.7e-17   68.3   0.0   1.4   1   0   0   1   1   1   1 -
GMO.00002582.v1.g624520.t1 -          GST_N                PF02798.27     1e-17   69.0   0.0   1.7e-17   68.3   0.0   1.4   1   0   0   1   1   1   1 -
GMO.00000937.v1.g087890.t1 -          GST_N                PF02798.27   1.4e-17   68.6   0.0   2.6e-17   67.7   0.0   1.5   1   0   0   1   1   1   1 -
GMO.00002284.v1.g433120.t2 -          GST_N                PF02798.27   2.3e-17   67.9   0.0   4.6e-17   66.9   0.0   1.5   1   0   0   1   1   1   1 -
GMO.00002582.v1.g624560.t1 -          GST_N                PF02798.27   2.7e-17   67.7   0.0   9.5e-17   65.9   0.0   1.9   2   0   0   2   2   1   1 -
GMO.00000937.v1.g087860.t1 -          GST_N                PF02798.27   2.7e-17   67.7   0.0   5.3e-17   66.7   0.0   1.5   1   0   0   1   1   1   1 -
GMO.00002284.v1.g433160.t1 -          GST_N                PF02798.27   2.7e-17   67.7   0.0   5.1e-17   66.8   0.0   1.5   1   0   0   1   1   1   1 -
GMO.00002453.v1.g539890.t1 -          GST_N                PF02798.27   2.8e-17   67.6   0.0   9.5e-17   65.9   0.0   1.8   2   0   0   2   2   1   1 -
GMO.00002453.v1.g539900.t1 -          GST_N                PF02798.27   4.4e-17   67.0   0.0   1.6e-16   65.2   0.0   1.9   2   0   0   2   2   1   1 -
GMO.00002582.v1.g624550.t1 -          GST_N                PF02798.27   4.6e-17   66.9   0.0   1.6e-16   65.1   0.0   1.9   2   0   0   2   2   1   1 -
GMO.00000719.v1.g050990.t1 -          GST_N                PF02798.27   4.7e-17   66.9   0.0   7.9e-17   66.2   0.0   1.4   1   0   0   1   1   1   1 -
GMO.00002276.v1.g411030.t1 -          GST_N                PF02798.27   5.6e-17   66.6   0.0   9.3e-17   65.9   0.0   1.4   1   0   0   1   1   1   1 -
GMO.00000697.v1.g048120.t1 -          GST_N                PF02798.27   7.9e-17   66.2   0.2   1.2e-16   65.5   0.2   1.3   1   0   0   1   1   1   1 -
GMO.00002291.v1.g445250.t1 -          GST_N                PF02798.27   7.9e-17   66.2   0.2   1.2e-16   65.5   0.2   1.3   1   0   0   1   1   1   1 -
GMO.00002317.v1.g453380.t1 -          GST_N                PF02798.27     1e-16   65.8   0.0   1.7e-16   65.1   0.0   1.4   1   0   0   1   1   1   1 -
GMO.00001050.v1.g096440.t1 -          GST_N                PF02798.27   1.7e-16   65.1   0.2   3.4e-16   64.1   0.2   1.6   1   0   0   1   1   1   1 -
GMO.00002253.v1.g378300.t1 -          GST_N                PF02798.27   2.1e-16   64.8   0.0   4.7e-16   63.7   0.0   1.6   1   0   0   1   1   1   1 -
GMO.00002354.v1.g500180.t1 -          GST_N                PF02798.27   2.1e-16   64.8   0.1   3.5e-16   64.1   0.1   1.4   1   0   0   1   1   1   1 -
GMO.00001180.v1.g117650.t1 -          GST_N                PF02798.27   2.1e-16   64.8   0.1   3.5e-16   64.1   0.1   1.4   1   0   0   1   1   1   1 -
GMO.00002603.v1.g632760.t1 -          GST_N                PF02798.27   2.5e-16   64.5   0.1   4.9e-16   63.6   0.1   1.5   1   0   0   1   1   1   1 -
GMO.00002568.v1.g622150.t1 -          GST_N                PF02798.27   2.7e-16   64.4   0.1   4.7e-16   63.7   0.1   1.4   1   0   0   1   1   1   1 -
GMO.00002534.v1.g606830.t1 -          GST_N                PF02798.27   2.8e-16   64.4   0.6   4.7e-16   63.7   0.1   1.7   2   0   0   2   2   1   1 -
GMO.00002523.v1.g603160.t1 -          GST_N                PF02798.27   2.9e-16   64.3   0.2   5.8e-16   63.4   0.2   1.6   1   0   0   1   1   1   1 -
GMO.00002523.v1.g603170.t1 -          GST_N                PF02798.27     3e-16   64.3   0.1   6.1e-16   63.3   0.1   1.6   1   0   0   1   1   1   1 -
GMO.00000720.v1.g052220.t1 -          GST_N                PF02798.27   3.5e-16   64.1   0.0   6.8e-16   63.2   0.0   1.5   1   0   0   1   1   1   1 -
GMO.00002767.v1.g678310.t1 -          GST_N                PF02798.27   3.7e-16   64.0   0.0   6.8e-16   63.2   0.0   1.5   1   0   0   1   1   1   1 -
GMO.00002291.v1.g445260.t1 -          GST_N                PF02798.27   4.6e-16   63.7   0.2   8.1e-16   62.9   0.2   1.4   1   0   0   1   1   1   1 -
GMO.00002176.v1.g338050.t1 -          GST_N                PF02798.27   4.8e-16   63.7   0.1   9.8e-16   62.6   0.1   1.6   1   0   0   1   1   1   1 -
GMO.00002695.v1.g660460.t1 -          GST_N                PF02798.27   7.1e-16   63.1   0.0   1.2e-15   62.4   0.0   1.4   1   0   0   1   1   1   1 -
GMO.00000174.v1.g002290.t1 -          GST_N                PF02798.27   1.6e-15   62.0   0.1   3.3e-15   61.0   0.1   1.6   1   0   0   1   1   1   1 -
GMO.00000697.v1.g048130.t1 -          GST_N                PF02798.27   2.4e-15   61.4   0.2   4.3e-15   60.6   0.2   1.5   1   0   0   1   1   1   1 -
GMO.00001050.v1.g096430.t1 -          GST_N                PF02798.27   3.3e-15   61.0   0.1   6.8e-15   60.0   0.1   1.6   1   0   0   1   1   1   1 -
GMO.00001573.v1.g199890.t1 -          GST_N                PF02798.27   4.2e-15   60.6   0.0   8.8e-15   59.6   0.0   1.5   1   0   0   1   1   1   1 -
GMO.00002336.v1.g487520.t1 -          GST_N                PF02798.27   4.2e-15   60.6   0.0   8.8e-15   59.6   0.0   1.5   1   0   0   1   1   1   1 -
GMO.00001490.v1.g184070.t1 -          GST_N                PF02798.27   3.4e-14   57.7   0.1   6.6e-14   56.8   0.1   1.5   1   0   0   1   1   1   1 -
GMO.00002253.v1.g372260.t1 -          GST_N                PF02798.27   6.1e-14   56.9   0.0     2e-13   55.3   0.0   2.0   1   0   0   1   1   1   1 -
GMO.00001513.v1.g191250.t1 -          GST_N                PF02798.27   6.7e-14   56.8   0.0   1.7e-13   55.5   0.0   1.7   1   0   0   1   1   1   1 -
GMO.00002356.v1.g506090.t1 -          GST_N                PF02798.27   6.7e-14   56.8   0.0   1.7e-13   55.5   0.0   1.7   1   0   0   1   1   1   1 -
GMO.00002326.v1.g482460.t1 -          GST_N                PF02798.27   6.8e-14   56.8   0.0     1e-13   56.2   0.0   1.3   1   0   0   1   1   1   1 -
GMO.00002253.v1.g373400.t1 -          GST_N                PF02798.27   1.1e-11   49.7   0.0   2.2e-11   48.7   0.0   1.5   1   0   0   1   1   1   1 -
GMO.00001513.v1.g191260.t1 -          GST_N                PF02798.27   1.5e-11   49.2   0.0   3.1e-11   48.2   0.0   1.5   1   0   0   1   1   1   1 -
GMO.00002356.v1.g506100.t1 -          GST_N                PF02798.27   1.5e-11   49.2   0.0   3.1e-11   48.2   0.0   1.5   1   0   0   1   1   1   1 -
GMO.00000895.v1.g084780.t1 -          GST_N                PF02798.27   2.9e-07   35.5   0.0   6.2e-07   34.4   0.0   1.5   1   0   0   1   1   1   1 -
GMO.00002453.v1.g537210.t1 -          GST_N                PF02798.27   2.9e-07   35.5   0.0   6.2e-07   34.4   0.0   1.5   1   0   0   1   1   1   1 -
GMO.00002271.v1.g395140.t1 -          GST_N                PF02798.27   2.1e-06   32.7   0.1      0.12   17.5   0.0   2.3   2   0   0   2   2   2   2 -
GMO.00001803.v1.g246820.t1 -          GST_N                PF02798.27   2.2e-06   32.7   0.1      0.12   17.5   0.0   2.3   2   0   0   2   2   2   2 -
GMO.00002695.v1.g660640.t1 -          GST_N                PF02798.27   2.6e-06   32.4   0.1   7.7e-06   31.0   0.0   1.8   2   0   0   2   2   1   1 -
GMO.00002317.v1.g453200.t1 -          GST_N                PF02798.27   2.7e-06   32.4   0.1   7.6e-06   31.0   0.0   1.8   2   0   0   2   2   1   1 -
GMO.00002176.v1.g320840.t1 -          GST_N                PF02798.27   1.1e-05   30.5   0.0   1.8e-05   29.7   0.0   1.3   1   0   0   1   1   1   1 -
GMO.00000748.v1.g065520.t1 -          GST_N                PF02798.27   1.4e-05   30.1   0.0   3.3e-05   28.9   0.0   1.5   1   0   0   1   1   1   1 -
GMO.00002452.v1.g534730.t1 -          GST_N                PF02798.27   1.4e-05   30.1   0.0   3.3e-05   28.9   0.0   1.5   1   0   0   1   1   1   1 -
GMO.00002582.v1.g624510.t1 -          GST_N                PF02798.27   0.00062   24.9   0.1     0.029   19.5   0.0   2.4   1   1   1   2   2   2   1 -
GMO.00002523.v1.g603510.t2 -          GST_N                PF02798.27    0.0016   23.6   0.0    0.0037   22.3   0.0   1.6   1   0   0   1   1   1   0 -
GMO.00002636.v1.g649460.t2 -          GST_N                PF02798.27    0.0023   23.0   0.2    0.0071   21.5   0.1   2.0   2   0   0   2   2   1   0 -
GMO.00001745.v1.g236650.t2 -          GST_N                PF02798.27    0.0029   22.7   0.1    0.0071   21.5   0.1   1.7   1   0   0   1   1   1   0 -
GMO.00002275.v1.g408820.t1 -          GST_N                PF02798.27    0.0045   22.1   0.0     0.006   21.7   0.0   1.2   1   0   0   1   1   1   0 -
GMO.00002253.v1.g372140.t1 -          GST_N                PF02798.27     0.036   19.2   0.0         2   13.6   0.0   2.8   3   0   0   3   3   2   0 -
GMO.00002253.v1.g378020.t1 -          GST_N                PF02798.27      0.11   17.7   0.0      0.19   16.8   0.0   1.4   1   0   0   1   1   1   0 -
#
# Program:         hmmsearch
# Version:         3.4 (Aug 2023)
# Pipeline mode:   SEARCH
# Query file:      /Users/agata/Documents/cannamatrix/Results/GST/PF02798.hmm
# Target file:     /Users/agata/Documents/cannamatrix/genome_Cannabis_GMO/genes_v1/GMO.v1.primary_high_confidence.proteins.fasta
# Option settings: hmmsearch -o /Users/agata/Documents/cannamatrix/Results/GST//GMO.v1.primary_high_confidence.proteins/PF02798.log -A /Users/agata/Documents/cannamatrix/Results/GST//GMO.v1.primary_high_confidence.proteins/PF02798.sto --tblout /Users/agata/Documents/cannamatrix/Results/GST//GMO.v1.primary_high_confidence.proteins/PF02798.tbl --incE 0.001 -Z 567483 /Users/agata/Documents/cannamatrix/Results/GST/PF02798.hmm /Users/agata/Documents/cannamatrix/genome_Cannabis_GMO/genes_v1/GMO.v1.primary_high_confidence.proteins.fasta 
# Current dir:     /Users/agata/Documents/cannamatrix/Results
# Date:            Tue Nov 11 13:38:35 2025
# [ok]
