#                                                                     --- full sequence ---- --- best 1 domain ---- --- domain number estimation ----
# target name              accession  query name           accession    E-value  score  bias   E-value  score  bias   exp reg clu  ov env dom rep inc description of target
#      ------------------- ---------- -------------------- ---------- --------- ------ ----- --------- ------ -----   --- --- --- --- --- --- --- --- ---------------------
GMO.00002805.v1.g688570.t1 -          ADH_zinc_N           PF00107.33   6.6e-33  118.2   1.3   1.2e-32  117.4   1.3   1.4   1   0   0   1   1   1   1 -
GMO.00000855.v1.g078750.t1 -          ADH_zinc_N           PF00107.33   9.5e-33  117.7   0.2   1.7e-32  116.9   0.2   1.4   1   0   0   1   1   1   1 -
GMO.00002523.v1.g604250.t1 -          ADH_zinc_N           PF00107.33   1.1e-32  117.6   1.1   1.9e-32  116.8   1.1   1.4   1   0   0   1   1   1   1 -
GMO.00002319.v1.g463250.t1 -          ADH_zinc_N           PF00107.33   4.3e-32  115.6   0.2   7.4e-32  114.8   0.2   1.3   1   0   0   1   1   1   1 -
GMO.00001311.v1.g148440.t1 -          ADH_zinc_N           PF00107.33   8.3e-27   98.5   0.2   1.6e-26   97.6   0.2   1.5   1   0   0   1   1   1   1 -
GMO.00002500.v1.g571440.t1 -          ADH_zinc_N           PF00107.33   8.3e-27   98.5   0.2   1.6e-26   97.6   0.2   1.5   1   0   0   1   1   1   1 -
GMO.00002497.v1.g564110.t1 -          ADH_zinc_N           PF00107.33   9.8e-26   95.1   0.0   1.8e-25   94.2   0.0   1.4   1   0   0   1   1   1   1 -
GMO.00002498.v1.g566020.t1 -          ADH_zinc_N           PF00107.33     1e-25   95.0   0.0   1.8e-25   94.2   0.0   1.4   1   0   0   1   1   1   1 -
GMO.00002500.v1.g571420.t2 -          ADH_zinc_N           PF00107.33   1.5e-25   94.5   0.0   2.4e-25   93.8   0.0   1.3   1   0   0   1   1   1   1 -
GMO.00002363.v1.g507560.t1 -          ADH_zinc_N           PF00107.33   2.1e-25   94.0   0.1   3.5e-25   93.3   0.1   1.4   1   0   0   1   1   1   1 -
GMO.00000574.v1.g030570.t2 -          ADH_zinc_N           PF00107.33   2.2e-25   93.9   0.1   3.5e-25   93.3   0.1   1.3   1   0   0   1   1   1   1 -
GMO.00001056.v1.g098710.t1 -          ADH_zinc_N           PF00107.33   2.8e-25   93.6   0.1   5.5e-25   92.6   0.0   1.6   2   0   0   2   2   1   1 -
GMO.00001825.v1.g252830.t1 -          ADH_zinc_N           PF00107.33   3.3e-25   93.4   0.1   5.4e-25   92.7   0.1   1.3   1   0   0   1   1   1   1 -
GMO.00001311.v1.g148430.t2 -          ADH_zinc_N           PF00107.33   9.2e-25   91.9   0.0   1.5e-24   91.2   0.0   1.3   1   0   0   1   1   1   1 -
GMO.00000895.v1.g085880.t1 -          ADH_zinc_N           PF00107.33   1.2e-24   91.6   0.0     2e-24   90.8   0.0   1.4   1   0   0   1   1   1   1 -
GMO.00002453.v1.g536070.t1 -          ADH_zinc_N           PF00107.33   1.8e-24   91.0   0.0     3e-24   90.2   0.0   1.4   1   0   0   1   1   1   1 -
GMO.00002363.v1.g509900.t1 -          ADH_zinc_N           PF00107.33   2.4e-24   90.5   0.1   4.7e-24   89.6   0.0   1.5   2   0   0   2   2   1   1 -
GMO.00002497.v1.g564520.t1 -          ADH_zinc_N           PF00107.33   4.1e-24   89.8   0.1   7.6e-24   88.9   0.1   1.5   1   0   0   1   1   1   1 -
GMO.00002498.v1.g565590.t1 -          ADH_zinc_N           PF00107.33   4.1e-24   89.8   0.1   7.6e-24   88.9   0.1   1.5   1   0   0   1   1   1   1 -
GMO.00001343.v1.g156700.t1 -          ADH_zinc_N           PF00107.33   5.3e-24   89.5   0.0   1.1e-23   88.4   0.0   1.6   2   0   0   2   2   1   1 -
GMO.00001385.v1.g178490.t1 -          ADH_zinc_N           PF00107.33   5.6e-24   89.4   0.0   1.2e-23   88.3   0.0   1.6   2   0   0   2   2   1   1 -
GMO.00001570.v1.g197300.t2 -          ADH_zinc_N           PF00107.33   6.5e-24   89.2   0.0   9.9e-24   88.6   0.0   1.2   1   0   0   1   1   1   1 -
GMO.00000531.v1.g012880.t1 -          ADH_zinc_N           PF00107.33   6.6e-24   89.2   0.0     1e-23   88.6   0.0   1.3   1   0   0   1   1   1   1 -
GMO.00000532.v1.g019730.t1 -          ADH_zinc_N           PF00107.33   6.6e-24   89.2   0.0     1e-23   88.6   0.0   1.3   1   0   0   1   1   1   1 -
GMO.00002253.v1.g378530.t1 -          ADH_zinc_N           PF00107.33     7e-24   89.1   0.0   1.1e-23   88.4   0.0   1.3   1   0   0   1   1   1   1 -
GMO.00000895.v1.g084520.t2 -          ADH_zinc_N           PF00107.33   1.7e-23   87.8   0.6   6.3e-23   86.0   0.2   2.1   2   0   0   2   2   1   1 -
GMO.00002453.v1.g537460.t2 -          ADH_zinc_N           PF00107.33   1.9e-23   87.6   0.8   6.3e-23   86.0   0.2   2.1   2   0   0   2   2   1   1 -
GMO.00002592.v1.g625510.t1 -          ADH_zinc_N           PF00107.33   2.5e-23   87.3   0.0   5.5e-23   86.2   0.0   1.6   1   0   0   1   1   1   1 -
GMO.00000895.v1.g083680.t1 -          ADH_zinc_N           PF00107.33   2.6e-23   87.2   0.0     5e-23   86.3   0.0   1.5   1   0   0   1   1   1   1 -
GMO.00002283.v1.g429570.t1 -          ADH_zinc_N           PF00107.33     3e-23   87.0   0.0   5.5e-23   86.2   0.0   1.4   1   0   0   1   1   1   1 -
GMO.00002283.v1.g425730.t1 -          ADH_zinc_N           PF00107.33   4.1e-23   86.6   0.1   6.4e-23   85.9   0.1   1.3   1   0   0   1   1   1   1 -
GMO.00002636.v1.g649590.t1 -          ADH_zinc_N           PF00107.33   8.8e-23   85.5   0.0   1.5e-22   84.7   0.0   1.3   1   0   0   1   1   1   1 -
GMO.00000872.v1.g079640.t1 -          ADH_zinc_N           PF00107.33     1e-22   85.3   0.0   1.7e-22   84.6   0.0   1.3   1   0   0   1   1   1   1 -
GMO.00002319.v1.g473750.t1 -          ADH_zinc_N           PF00107.33     1e-22   85.3   0.0   1.7e-22   84.6   0.0   1.3   1   0   0   1   1   1   1 -
GMO.00002453.v1.g538270.t1 -          ADH_zinc_N           PF00107.33   1.3e-22   85.0   0.0   2.4e-22   84.1   0.0   1.5   1   0   0   1   1   1   1 -
GMO.00002511.v1.g576080.t1 -          ADH_zinc_N           PF00107.33   1.4e-22   84.8   0.0   2.6e-22   84.0   0.0   1.4   1   0   0   1   1   1   1 -
GMO.00001044.v1.g095250.t1 -          ADH_zinc_N           PF00107.33   1.4e-22   84.8   0.2   2.4e-22   84.1   0.2   1.4   1   0   0   1   1   1   1 -
GMO.00002636.v1.g649580.t1 -          ADH_zinc_N           PF00107.33   1.8e-22   84.5   0.0     3e-22   83.8   0.0   1.3   1   0   0   1   1   1   1 -
GMO.00001745.v1.g236760.t1 -          ADH_zinc_N           PF00107.33   1.9e-22   84.5   0.0     3e-22   83.8   0.0   1.3   1   0   0   1   1   1   1 -
GMO.00002280.v1.g425310.t1 -          ADH_zinc_N           PF00107.33   2.2e-22   84.2   0.0   4.2e-22   83.3   0.0   1.4   1   0   0   1   1   1   1 -
GMO.00002511.v1.g576090.t1 -          ADH_zinc_N           PF00107.33   2.5e-22   84.1   0.0   4.2e-22   83.3   0.0   1.4   1   0   0   1   1   1   1 -
GMO.00001044.v1.g095310.t1 -          ADH_zinc_N           PF00107.33   3.5e-22   83.6   0.1   5.5e-22   82.9   0.1   1.3   1   0   0   1   1   1   1 -
GMO.00002280.v1.g425320.t1 -          ADH_zinc_N           PF00107.33     4e-22   83.4   0.0   6.7e-22   82.6   0.0   1.4   1   0   0   1   1   1   1 -
GMO.00001343.v1.g163470.t1 -          ADH_zinc_N           PF00107.33   4.5e-22   83.2   0.0   7.7e-22   82.5   0.0   1.4   1   0   0   1   1   1   1 -
GMO.00001385.v1.g171730.t1 -          ADH_zinc_N           PF00107.33   4.5e-22   83.2   0.0   7.7e-22   82.5   0.0   1.4   1   0   0   1   1   1   1 -
GMO.00001745.v1.g236770.t1 -          ADH_zinc_N           PF00107.33   5.5e-22   82.9   0.0   9.5e-22   82.2   0.0   1.3   1   0   0   1   1   1   1 -
GMO.00002283.v1.g425720.t1 -          ADH_zinc_N           PF00107.33   1.8e-21   81.3   0.0   2.9e-21   80.6   0.0   1.3   1   0   0   1   1   1   1 -
GMO.00001044.v1.g095320.t1 -          ADH_zinc_N           PF00107.33   1.8e-21   81.2   0.0   2.9e-21   80.6   0.0   1.3   1   0   0   1   1   1   1 -
GMO.00002283.v1.g425750.t2 -          ADH_zinc_N           PF00107.33   2.7e-21   80.7   0.0   4.2e-21   80.1   0.0   1.3   1   0   0   1   1   1   1 -
GMO.00001570.v1.g197350.t1 -          ADH_zinc_N           PF00107.33   7.6e-21   79.2   0.0   1.1e-20   78.7   0.0   1.2   1   0   0   1   1   1   1 -
GMO.00001044.v1.g095260.t2 -          ADH_zinc_N           PF00107.33   8.1e-21   79.2   0.0   1.3e-20   78.5   0.0   1.3   1   0   0   1   1   1   1 -
GMO.00001808.v1.g249020.t1 -          ADH_zinc_N           PF00107.33   9.9e-21   78.9   0.1   1.7e-20   78.1   0.1   1.4   1   0   0   1   1   1   1 -
GMO.00000574.v1.g029430.t1 -          ADH_zinc_N           PF00107.33   9.9e-21   78.9   0.1   1.7e-20   78.1   0.1   1.4   1   0   0   1   1   1   1 -
GMO.00001366.v1.g169500.t1 -          ADH_zinc_N           PF00107.33   1.4e-20   78.4   0.0   2.7e-20   77.5   0.0   1.5   1   0   0   1   1   1   1 -
GMO.00000531.v1.g017320.t1 -          ADH_zinc_N           PF00107.33   1.5e-20   78.3   0.0     3e-20   77.3   0.0   1.5   1   0   0   1   1   1   1 -
GMO.00002556.v1.g618980.t1 -          ADH_zinc_N           PF00107.33   5.1e-19   73.3   0.1   1.2e-18   72.2   0.0   1.6   2   0   0   2   2   1   1 -
GMO.00001783.v1.g243630.t1 -          ADH_zinc_N           PF00107.33   6.3e-19   73.0   0.0   1.2e-18   72.2   0.0   1.4   1   0   0   1   1   1   1 -
GMO.00001329.v1.g150790.t1 -          ADH_zinc_N           PF00107.33   6.6e-18   69.7   0.0   1.1e-17   69.0   0.0   1.4   1   0   0   1   1   1   1 -
GMO.00002557.v1.g619440.t1 -          ADH_zinc_N           PF00107.33   7.6e-18   69.5   0.0   1.4e-17   68.7   0.0   1.4   1   0   0   1   1   1   1 -
GMO.00002785.v1.g683860.t1 -          ADH_zinc_N           PF00107.33   7.6e-18   69.5   0.0   1.4e-17   68.7   0.0   1.4   1   0   0   1   1   1   1 -
GMO.00001207.v1.g119650.t1 -          ADH_zinc_N           PF00107.33   8.9e-18   69.3   0.0   1.5e-17   68.6   0.0   1.4   1   0   0   1   1   1   1 -
GMO.00002283.v1.g430470.t1 -          ADH_zinc_N           PF00107.33   8.9e-18   69.3   0.0   1.5e-17   68.6   0.0   1.4   1   0   0   1   1   1   1 -
GMO.00002283.v1.g425640.t1 -          ADH_zinc_N           PF00107.33   1.5e-17   68.5   0.1   2.4e-17   67.9   0.1   1.3   1   0   0   1   1   1   1 -
GMO.00001044.v1.g095330.t1 -          ADH_zinc_N           PF00107.33   2.1e-17   68.1   0.1   3.2e-17   67.5   0.1   1.3   1   0   0   1   1   1   1 -
GMO.00002556.v1.g618990.t1 -          ADH_zinc_N           PF00107.33   8.8e-17   66.1   0.0   1.7e-16   65.2   0.0   1.5   1   0   0   1   1   1   1 -
GMO.00001783.v1.g243640.t1 -          ADH_zinc_N           PF00107.33   3.8e-16   64.1   0.0   7.3e-16   63.1   0.0   1.5   1   0   0   1   1   1   1 -
GMO.00002523.v1.g600860.t1 -          ADH_zinc_N           PF00107.33   5.4e-16   63.5   0.0   6.8e-16   63.2   0.0   1.1   1   0   0   1   1   1   1 -
GMO.00001385.v1.g174970.t1 -          ADH_zinc_N           PF00107.33   6.8e-15   60.0   0.3   1.3e-14   59.1   0.3   1.5   1   0   0   1   1   1   1 -
GMO.00001343.v1.g160560.t1 -          ADH_zinc_N           PF00107.33   6.8e-15   60.0   0.3   1.3e-14   59.1   0.3   1.5   1   0   0   1   1   1   1 -
GMO.00001385.v1.g174950.t1 -          ADH_zinc_N           PF00107.33   1.3e-14   59.1   0.7     3e-14   57.9   0.7   1.7   1   1   0   1   1   1   1 -
GMO.00002356.v1.g503070.t1 -          ADH_zinc_N           PF00107.33   1.7e-13   55.5   0.0     3e-13   54.7   0.0   1.4   1   0   0   1   1   1   1 -
GMO.00002326.v1.g482160.t1 -          ADH_zinc_N           PF00107.33   9.6e-12   49.8   0.2   1.9e-11   48.8   0.2   1.6   1   0   0   1   1   1   1 -
GMO.00001559.v1.g195870.t1 -          ADH_zinc_N           PF00107.33   1.7e-11   49.0   0.2   3.4e-11   48.1   0.2   1.6   1   0   0   1   1   1   1 -
GMO.00002497.v1.g563080.t1 -          ADH_zinc_N           PF00107.33   6.4e-11   47.2   0.0   9.5e-11   46.6   0.0   1.3   1   0   0   1   1   1   1 -
GMO.00002498.v1.g567040.t1 -          ADH_zinc_N           PF00107.33   1.3e-10   46.1   0.0     2e-10   45.6   0.0   1.3   1   0   0   1   1   1   1 -
GMO.00002636.v1.g647740.t1 -          ADH_zinc_N           PF00107.33   1.4e-10   46.0   0.1   2.8e-10   45.1   0.1   1.5   1   0   0   1   1   1   1 -
GMO.00001745.v1.g234870.t1 -          ADH_zinc_N           PF00107.33   1.5e-10   46.0   0.1   2.8e-10   45.1   0.1   1.5   1   0   0   1   1   1   1 -
GMO.00002498.v1.g567020.t2 -          ADH_zinc_N           PF00107.33   3.1e-10   44.9   0.0   5.2e-10   44.2   0.0   1.4   1   0   0   1   1   1   1 -
GMO.00002497.v1.g563110.t1 -          ADH_zinc_N           PF00107.33   3.1e-10   44.9   0.0   5.3e-10   44.2   0.0   1.4   1   0   0   1   1   1   1 -
GMO.00002497.v1.g563100.t1 -          ADH_zinc_N           PF00107.33   9.9e-09   40.1   0.0   1.6e-08   39.4   0.0   1.4   1   0   0   1   1   1   1 -
GMO.00002497.v1.g563120.t2 -          ADH_zinc_N           PF00107.33   3.7e-08   38.2   0.0   6.4e-08   37.4   0.0   1.5   1   0   0   1   1   1   1 -
GMO.00002498.v1.g567010.t2 -          ADH_zinc_N           PF00107.33   3.7e-08   38.2   0.1   6.7e-08   37.4   0.1   1.6   1   1   0   1   1   1   1 -
GMO.00000825.v1.g068970.t1 -          ADH_zinc_N           PF00107.33     0.095   17.5   0.1      0.24   16.2   0.0   1.6   1   1   0   1   1   1   0 -
GMO.00002319.v1.g458550.t1 -          ADH_zinc_N           PF00107.33     0.095   17.5   0.1      0.24   16.2   0.0   1.6   1   1   0   1   1   1   0 -
GMO.00001570.v1.g197340.t1 -          ADH_zinc_N           PF00107.33      0.15   16.8   0.1      0.26   16.1   0.1   1.3   1   0   0   1   1   1   0 -
GMO.00001343.v1.g160150.t2 -          ADH_zinc_N           PF00107.33      0.17   16.7   0.1      0.27   16.0   0.1   1.3   1   0   0   1   1   1   0 -
GMO.00001385.v1.g175190.t2 -          ADH_zinc_N           PF00107.33      0.17   16.7   0.1      0.27   16.0   0.1   1.3   1   0   0   1   1   1   0 -
GMO.00001745.v1.g235850.t2 -          ADH_zinc_N           PF00107.33       1.2   13.9   0.1         3   12.6   0.1   1.7   1   1   1   2   2   1   0 -
GMO.00002636.v1.g648700.t2 -          ADH_zinc_N           PF00107.33       1.2   13.9   0.1         3   12.6   0.1   1.7   1   1   1   2   2   1   0 -
GMO.00002363.v1.g510520.t1 -          ADH_zinc_N           PF00107.33       1.4   13.7   0.0       4.5   12.1   0.0   1.8   1   0   0   1   1   1   0 -
GMO.00002284.v1.g432840.t1 -          ADH_zinc_N           PF00107.33       1.6   13.6   0.0        15   10.4   0.0   2.4   2   1   0   2   2   2   0 -
GMO.00002486.v1.g552580.t1 -          ADH_zinc_N           PF00107.33       1.6   13.6   0.0        15   10.4   0.0   2.4   2   1   0   2   2   2   0 -
GMO.00002216.v1.g357480.t1 -          ADH_zinc_N           PF00107.33       1.6   13.5   0.0       6.4   11.6   0.0   2.1   2   1   0   2   2   1   0 -
GMO.00001828.v1.g253600.t1 -          ADH_zinc_N           PF00107.33       1.6   13.5   0.1        50    8.7   0.1   2.1   2   0   0   2   2   2   0 -
GMO.00001830.v1.g254380.t1 -          ADH_zinc_N           PF00107.33       1.6   13.5   0.1        50    8.7   0.1   2.1   2   0   0   2   2   2   0 -
GMO.00001056.v1.g098120.t1 -          ADH_zinc_N           PF00107.33       1.9   13.3   0.1       5.7   11.7   0.1   1.8   1   0   0   1   1   1   0 -
GMO.00002453.v1.g540440.t3 -          ADH_zinc_N           PF00107.33       2.4   13.0   0.7   8.1e+02    4.8   0.0   3.1   4   0   0   4   4   2   0 -
GMO.00002319.v1.g473590.t1 -          ADH_zinc_N           PF00107.33       3.1   12.6   0.2        11   10.8   0.0   2.1   2   1   0   2   2   1   0 -
GMO.00000872.v1.g079810.t1 -          ADH_zinc_N           PF00107.33       3.1   12.6   0.2        11   10.8   0.0   2.1   2   1   0   2   2   1   0 -
GMO.00002433.v1.g531560.t1 -          ADH_zinc_N           PF00107.33       3.6   12.4   0.4       7.8   11.3   0.4   1.7   1   1   0   1   1   1   0 -
GMO.00002523.v1.g600040.t1 -          ADH_zinc_N           PF00107.33       5.2   11.9   1.0        24    9.7   0.1   2.6   3   0   0   3   3   1   0 -
GMO.00001329.v1.g149880.t1 -          ADH_zinc_N           PF00107.33       6.3   11.6   1.2        24    9.7   0.1   2.6   3   0   0   3   3   1   0 -
#
# Program:         hmmsearch
# Version:         3.4 (Aug 2023)
# Pipeline mode:   SEARCH
# Query file:      /Users/agata/Documents/cannamatrix/Results/ADH/PF00107.hmm
# Target file:     /Users/agata/Documents/cannamatrix/genome_Cannabis_GMO/genes_v1/GMO.v1.primary_high_confidence.proteins.fasta
# Option settings: hmmsearch -o /Users/agata/Documents/cannamatrix/Results/ADH//GMO.v1.primary_high_confidence.proteins/PF00107.log -A /Users/agata/Documents/cannamatrix/Results/ADH//GMO.v1.primary_high_confidence.proteins/PF00107.sto --tblout /Users/agata/Documents/cannamatrix/Results/ADH//GMO.v1.primary_high_confidence.proteins/PF00107.tbl --incE 0.001 -Z 567483 /Users/agata/Documents/cannamatrix/Results/ADH/PF00107.hmm /Users/agata/Documents/cannamatrix/genome_Cannabis_GMO/genes_v1/GMO.v1.primary_high_confidence.proteins.fasta 
# Current dir:     /Users/agata/Documents/cannamatrix/Results
# Date:            Tue Nov 11 13:38:35 2025
# [ok]
