#                                                                     --- full sequence ---- --- best 1 domain ---- --- domain number estimation ----
# target name              accession  query name           accession    E-value  score  bias   E-value  score  bias   exp reg clu  ov env dom rep inc description of target
#      ------------------- ---------- -------------------- ---------- --------- ------ ----- --------- ------ -----   --- --- --- --- --- --- --- --- ---------------------
GMO.00001180.v1.g117620.t1 -          p450                 PF00067.28    1e-117  398.7   0.0  1.2e-117  398.5   0.0   1.0   1   0   0   1   1   1   1 -
GMO.00002354.v1.g500220.t1 -          p450                 PF00067.28    1e-117  398.7   0.0  1.2e-117  398.5   0.0   1.0   1   0   0   1   1   1   1 -
GMO.00002521.v1.g598140.t1 -          p450                 PF00067.28  1.6e-110  375.0   0.0  1.9e-110  374.8   0.0   1.0   1   0   0   1   1   1   1 -
GMO.00001309.v1.g145030.t1 -          p450                 PF00067.28  2.3e-110  374.4   0.1  2.8e-110  374.2   0.1   1.0   1   0   0   1   1   1   1 -
GMO.00001599.v1.g206990.t1 -          p450                 PF00067.28  2.3e-110  374.4   0.1  2.8e-110  374.2   0.1   1.0   1   0   0   1   1   1   1 -
GMO.00001059.v1.g101010.t1 -          p450                 PF00067.28  2.7e-110  374.2   0.0  3.2e-110  374.0   0.0   1.0   1   0   0   1   1   1   1 -
GMO.00001016.v1.g092530.t1 -          p450                 PF00067.28    6e-110  373.1   0.0    7e-110  372.9   0.0   1.0   1   0   0   1   1   1   1 -
GMO.00000687.v1.g046570.t1 -          p450                 PF00067.28  8.1e-110  372.7   0.0    1e-109  372.4   0.0   1.0   1   0   0   1   1   1   1 -
GMO.00002294.v1.g447570.t1 -          p450                 PF00067.28  8.1e-110  372.7   0.0    1e-109  372.4   0.0   1.0   1   0   0   1   1   1   1 -
GMO.00002516.v1.g581330.t1 -          p450                 PF00067.28  8.4e-110  372.6   0.0  9.6e-110  372.4   0.0   1.0   1   0   0   1   1   1   1 -
GMO.00002317.v1.g455750.t1 -          p450                 PF00067.28  3.1e-109  370.7   0.0  3.9e-109  370.4   0.0   1.0   1   0   0   1   1   1   1 -
GMO.00000552.v1.g021570.t1 -          p450                 PF00067.28  1.7e-108  368.3   0.0  2.1e-108  368.0   0.0   1.0   1   0   0   1   1   1   1 -
GMO.00002176.v1.g310450.t1 -          p450                 PF00067.28  8.9e-108  365.9   0.1    1e-107  365.7   0.1   1.0   1   0   0   1   1   1   1 -
GMO.00002176.v1.g310430.t1 -          p450                 PF00067.28    2e-107  364.8   0.0  2.4e-107  364.5   0.0   1.0   1   0   0   1   1   1   1 -
GMO.00002284.v1.g433830.t1 -          p450                 PF00067.28  2.1e-107  364.7   0.1  2.6e-107  364.4   0.1   1.0   1   0   0   1   1   1   1 -
GMO.00000571.v1.g024880.t1 -          p450                 PF00067.28  2.7e-107  364.3   0.0  3.4e-107  364.0   0.0   1.0   1   0   0   1   1   1   1 -
GMO.00002325.v1.g479040.t1 -          p450                 PF00067.28  4.9e-107  363.5   0.0  6.1e-107  363.2   0.0   1.0   1   0   0   1   1   1   1 -
GMO.00002288.v1.g440220.t1 -          p450                 PF00067.28  6.5e-107  363.1   0.0  7.8e-107  362.8   0.0   1.0   1   0   0   1   1   1   1 -
GMO.00002284.v1.g433880.t1 -          p450                 PF00067.28  1.2e-106  362.2   0.1  1.5e-106  361.9   0.1   1.0   1   0   0   1   1   1   1 -
GMO.00000937.v1.g088370.t1 -          p450                 PF00067.28  1.2e-106  362.2   0.1  1.5e-106  361.9   0.1   1.0   1   0   0   1   1   1   1 -
GMO.00002802.v1.g687960.t1 -          p450                 PF00067.28  1.3e-106  362.1   0.0  1.7e-106  361.7   0.0   1.0   1   0   0   1   1   1   1 -
GMO.00002654.v1.g656020.t1 -          p450                 PF00067.28  1.7e-106  361.7   0.0  2.1e-106  361.4   0.0   1.0   1   0   0   1   1   1   1 -
GMO.00001329.v1.g149450.t1 -          p450                 PF00067.28  1.6e-105  358.5   0.0  1.9e-105  358.3   0.0   1.0   1   0   0   1   1   1   1 -
GMO.00000571.v1.g024870.t1 -          p450                 PF00067.28  1.8e-105  358.3   0.0  2.2e-105  358.0   0.0   1.0   1   0   0   1   1   1   1 -
GMO.00002523.v1.g599610.t1 -          p450                 PF00067.28  3.8e-105  357.2   0.0  4.4e-105  357.1   0.0   1.0   1   0   0   1   1   1   1 -
GMO.00002317.v1.g455070.t1 -          p450                 PF00067.28  4.8e-105  356.9   0.0  5.8e-105  356.6   0.0   1.0   1   0   0   1   1   1   1 -
GMO.00001309.v1.g144990.t1 -          p450                 PF00067.28  1.3e-104  355.5   0.0  1.6e-104  355.1   0.0   1.0   1   0   0   1   1   1   1 -
GMO.00001599.v1.g207010.t1 -          p450                 PF00067.28    2e-104  354.8   0.0  2.5e-104  354.5   0.0   1.0   1   0   0   1   1   1   1 -
GMO.00000693.v1.g047300.t1 -          p450                 PF00067.28  2.2e-104  354.8   0.0  2.6e-104  354.5   0.0   1.0   1   0   0   1   1   1   1 -
GMO.00001329.v1.g149470.t1 -          p450                 PF00067.28  3.4e-104  354.1   0.0  4.1e-104  353.8   0.0   1.0   1   0   0   1   1   1   1 -
GMO.00002284.v1.g433870.t1 -          p450                 PF00067.28  3.9e-104  353.9   0.0  4.7e-104  353.7   0.0   1.0   1   0   0   1   1   1   1 -
GMO.00002427.v1.g527130.t1 -          p450                 PF00067.28  6.3e-104  353.2   0.0    8e-104  352.9   0.0   1.0   1   0   0   1   1   1   1 -
GMO.00000937.v1.g088360.t1 -          p450                 PF00067.28  8.1e-104  352.9   0.0  9.8e-104  352.6   0.0   1.0   1   0   0   1   1   1   1 -
GMO.00002523.v1.g599630.t1 -          p450                 PF00067.28  1.3e-103  352.2   0.0  1.5e-103  352.0   0.0   1.0   1   0   0   1   1   1   1 -
GMO.00001179.v1.g117230.t1 -          p450                 PF00067.28  1.5e-103  352.0   0.0  1.7e-103  351.8   0.0   1.0   1   0   0   1   1   1   1 -
GMO.00002354.v1.g499720.t1 -          p450                 PF00067.28  1.5e-103  352.0   0.0  1.7e-103  351.8   0.0   1.0   1   0   0   1   1   1   1 -
GMO.00002288.v1.g440350.t1 -          p450                 PF00067.28  2.5e-103  351.3   0.0  2.8e-103  351.1   0.0   1.0   1   0   0   1   1   1   1 -
GMO.00001798.v1.g245360.t1 -          p450                 PF00067.28  2.6e-103  351.2   0.0  3.3e-103  350.9   0.0   1.0   1   0   0   1   1   1   1 -
GMO.00002453.v1.g536150.t1 -          p450                 PF00067.28  5.5e-103  350.1   0.0  6.7e-103  349.8   0.0   1.0   1   0   0   1   1   1   1 -
GMO.00001376.v1.g170210.t1 -          p450                 PF00067.28  2.2e-102  348.2   0.0  2.4e-102  348.0   0.0   1.0   1   0   0   1   1   1   1 -
GMO.00001059.v1.g100980.t1 -          p450                 PF00067.28  2.6e-102  347.9   0.0  3.1e-102  347.6   0.0   1.0   1   0   0   1   1   1   1 -
GMO.00001376.v1.g170190.t1 -          p450                 PF00067.28  3.3e-102  347.6   0.0    4e-102  347.3   0.0   1.0   1   0   0   1   1   1   1 -
GMO.00002288.v1.g440310.t1 -          p450                 PF00067.28  5.2e-102  346.9   0.0  6.3e-102  346.6   0.0   1.0   1   0   0   1   1   1   1 -
GMO.00002453.v1.g536160.t1 -          p450                 PF00067.28  5.2e-102  346.9   0.0  6.4e-102  346.6   0.0   1.0   1   0   0   1   1   1   1 -
GMO.00001599.v1.g205770.t1 -          p450                 PF00067.28  5.3e-102  346.9   0.0  6.5e-102  346.6   0.0   1.0   1   0   0   1   1   1   1 -
GMO.00000895.v1.g085780.t1 -          p450                 PF00067.28  7.5e-102  346.4   0.0  9.1e-102  346.1   0.0   1.0   1   0   0   1   1   1   1 -
GMO.00002325.v1.g478160.t1 -          p450                 PF00067.28  2.6e-101  344.6   0.0    3e-101  344.4   0.0   1.0   1   0   0   1   1   1   1 -
GMO.00002498.v1.g566900.t1 -          p450                 PF00067.28    7e-101  343.2   0.0  8.9e-101  342.8   0.0   1.0   1   0   0   1   1   1   1 -
GMO.00002176.v1.g325930.t1 -          p450                 PF00067.28  1.1e-100  342.6   0.1  1.3e-100  342.3   0.1   1.0   1   0   0   1   1   1   1 -
GMO.00002325.v1.g479740.t1 -          p450                 PF00067.28  1.5e-100  342.1   0.0  1.7e-100  341.9   0.0   1.0   1   0   0   1   1   1   1 -
GMO.00001599.v1.g207020.t1 -          p450                 PF00067.28  1.5e-100  342.1   0.0  1.9e-100  341.8   0.0   1.0   1   0   0   1   1   1   1 -
GMO.00002288.v1.g440230.t2 -          p450                 PF00067.28  1.6e-100  342.0   0.0    2e-100  341.7   0.0   1.0   1   0   0   1   1   1   1 -
GMO.00002176.v1.g328170.t1 -          p450                 PF00067.28  2.1e-100  341.6   0.0  2.6e-100  341.3   0.0   1.0   1   0   0   1   1   1   1 -
GMO.00001376.v1.g170100.t2 -          p450                 PF00067.28  2.3e-100  341.5   0.0  2.8e-100  341.2   0.0   1.0   1   0   0   1   1   1   1 -
GMO.00002453.v1.g536140.t1 -          p450                 PF00067.28  2.6e-100  341.3   0.0  3.4e-100  340.9   0.0   1.0   1   0   0   1   1   1   1 -
GMO.00000571.v1.g025730.t1 -          p450                 PF00067.28  2.6e-100  341.3   0.0    3e-100  341.1   0.0   1.0   1   0   0   1   1   1   1 -
GMO.00000895.v1.g085800.t1 -          p450                 PF00067.28  4.1e-100  340.7   0.0  5.3e-100  340.3   0.0   1.0   1   0   0   1   1   1   1 -
GMO.00001358.v1.g166420.t1 -          p450                 PF00067.28  5.4e-100  340.3   0.0  6.2e-100  340.1   0.0   1.0   1   0   0   1   1   1   1 -
GMO.00002495.v1.g561710.t1 -          p450                 PF00067.28  5.4e-100  340.3   0.0  6.2e-100  340.1   0.0   1.0   1   0   0   1   1   1   1 -
GMO.00002523.v1.g599950.t1 -          p450                 PF00067.28  5.9e-100  340.1   0.0  6.7e-100  340.0   0.0   1.0   1   0   0   1   1   1   1 -
GMO.00002497.v1.g563230.t1 -          p450                 PF00067.28    6e-100  340.1   0.0  7.5e-100  339.8   0.0   1.0   1   0   0   1   1   1   1 -
GMO.00001309.v1.g145060.t1 -          p450                 PF00067.28  9.5e-100  339.5   0.0   1.2e-99  339.1   0.0   1.0   1   0   0   1   1   1   1 -
GMO.00001599.v1.g206960.t1 -          p450                 PF00067.28  9.5e-100  339.5   0.0   1.2e-99  339.1   0.0   1.0   1   0   0   1   1   1   1 -
GMO.00001329.v1.g149830.t1 -          p450                 PF00067.28   1.6e-99  338.7   0.0   1.8e-99  338.6   0.0   1.0   1   0   0   1   1   1   1 -
GMO.00001309.v1.g145110.t1 -          p450                 PF00067.28   4.1e-99  337.4   0.0   4.7e-99  337.2   0.0   1.0   1   0   0   1   1   1   1 -
GMO.00001599.v1.g206900.t1 -          p450                 PF00067.28   4.1e-99  337.4   0.0   4.7e-99  337.2   0.0   1.0   1   0   0   1   1   1   1 -
GMO.00001309.v1.g145020.t1 -          p450                 PF00067.28   4.5e-99  337.2   0.0   5.5e-99  336.9   0.0   1.0   1   0   0   1   1   1   1 -
GMO.00001330.v1.g151740.t1 -          p450                 PF00067.28     8e-99  336.4   0.0   9.5e-99  336.2   0.0   1.0   1   0   0   1   1   1   1 -
GMO.00002453.v1.g536130.t1 -          p450                 PF00067.28   8.6e-99  336.3   0.0     1e-98  336.0   0.0   1.0   1   0   0   1   1   1   1 -
GMO.00000571.v1.g024850.t1 -          p450                 PF00067.28   9.7e-99  336.1   0.0   1.2e-98  335.8   0.0   1.0   1   0   0   1   1   1   1 -
GMO.00002253.v1.g388170.t2 -          p450                 PF00067.28   1.7e-98  335.3   0.0   2.1e-98  335.0   0.0   1.0   1   0   0   1   1   1   1 -
GMO.00001227.v1.g123240.t1 -          p450                 PF00067.28   2.8e-98  334.6   0.0   3.4e-98  334.3   0.0   1.0   1   0   0   1   1   1   1 -
GMO.00002631.v1.g642250.t1 -          p450                 PF00067.28   3.2e-98  334.4   0.0   3.8e-98  334.2   0.0   1.0   1   0   0   1   1   1   1 -
GMO.00002283.v1.g428060.t1 -          p450                 PF00067.28   4.7e-98  333.9   0.0   5.9e-98  333.5   0.0   1.0   1   0   0   1   1   1   1 -
GMO.00002325.v1.g480560.t1 -          p450                 PF00067.28   5.3e-98  333.7   0.0   6.6e-98  333.4   0.0   1.0   1   0   0   1   1   1   1 -
GMO.00000895.v1.g085810.t1 -          p450                 PF00067.28     6e-98  333.5   0.0   7.2e-98  333.3   0.0   1.0   1   0   0   1   1   1   1 -
GMO.00001376.v1.g169980.t1 -          p450                 PF00067.28   7.2e-98  333.3   0.0     9e-98  332.9   0.0   1.1   1   0   0   1   1   1   1 -
GMO.00001343.v1.g157540.t1 -          p450                 PF00067.28   8.2e-98  333.1   0.0   9.3e-98  332.9   0.0   1.0   1   0   0   1   1   1   1 -
GMO.00002288.v1.g440250.t1 -          p450                 PF00067.28     9e-98  332.9   0.0   1.1e-97  332.7   0.0   1.0   1   0   0   1   1   1   1 -
GMO.00001376.v1.g170120.t1 -          p450                 PF00067.28   1.2e-97  332.5   0.0   1.4e-97  332.3   0.0   1.0   1   0   0   1   1   1   1 -
GMO.00001376.v1.g169970.t1 -          p450                 PF00067.28   1.2e-97  332.5   0.0   1.5e-97  332.2   0.0   1.1   1   0   0   1   1   1   1 -
GMO.00001558.v1.g195700.t1 -          p450                 PF00067.28   1.3e-97  332.4   0.0   1.5e-97  332.2   0.0   1.0   1   0   0   1   1   1   1 -
GMO.00002326.v1.g482730.t1 -          p450                 PF00067.28   1.3e-97  332.4   0.0   1.5e-97  332.2   0.0   1.0   1   0   0   1   1   1   1 -
GMO.00001385.v1.g177690.t1 -          p450                 PF00067.28   1.6e-97  332.1   0.0   1.8e-97  331.9   0.0   1.0   1   0   0   1   1   1   1 -
GMO.00000555.v1.g022830.t1 -          p450                 PF00067.28   2.2e-97  331.7   0.0   2.6e-97  331.4   0.0   1.0   1   0   0   1   1   1   1 -
GMO.00000895.v1.g086230.t1 -          p450                 PF00067.28   2.6e-97  331.4   0.0   3.3e-97  331.1   0.0   1.0   1   0   0   1   1   1   1 -
GMO.00002288.v1.g440120.t1 -          p450                 PF00067.28   2.7e-97  331.4   0.0   3.3e-97  331.1   0.0   1.1   1   0   0   1   1   1   1 -
GMO.00000567.v1.g024750.t1 -          p450                 PF00067.28   3.3e-97  331.1   0.0   4.1e-97  330.8   0.0   1.0   1   0   0   1   1   1   1 -
GMO.00002325.v1.g479000.t1 -          p450                 PF00067.28   3.3e-97  331.1   0.0   4.1e-97  330.8   0.0   1.0   1   0   0   1   1   1   1 -
GMO.00002283.v1.g428050.t1 -          p450                 PF00067.28   4.4e-97  330.7   0.0   5.4e-97  330.4   0.0   1.0   1   0   0   1   1   1   1 -
GMO.00000895.v1.g085770.t1 -          p450                 PF00067.28   5.2e-97  330.4   0.0   6.5e-97  330.1   0.0   1.0   1   0   0   1   1   1   1 -
GMO.00000895.v1.g085760.t1 -          p450                 PF00067.28   5.7e-97  330.3   0.0   6.8e-97  330.0   0.0   1.0   1   0   0   1   1   1   1 -
GMO.00001376.v1.g170010.t1 -          p450                 PF00067.28   6.4e-97  330.1   0.0   8.1e-97  329.8   0.0   1.1   1   0   0   1   1   1   1 -
GMO.00000895.v1.g085730.t1 -          p450                 PF00067.28   7.1e-97  330.0   0.0   8.5e-97  329.7   0.0   1.0   1   0   0   1   1   1   1 -
GMO.00002453.v1.g536180.t1 -          p450                 PF00067.28   1.3e-96  329.1   0.0   1.5e-96  328.9   0.0   1.0   1   0   0   1   1   1   1 -
GMO.00001227.v1.g123760.t1 -          p450                 PF00067.28   1.9e-96  328.6   0.0   2.3e-96  328.3   0.0   1.0   1   0   0   1   1   1   1 -
GMO.00000555.v1.g022790.t1 -          p450                 PF00067.28   2.3e-96  328.3   0.0   2.8e-96  328.0   0.0   1.0   1   0   0   1   1   1   1 -
GMO.00002325.v1.g480530.t1 -          p450                 PF00067.28   2.4e-96  328.2   0.0     3e-96  327.9   0.0   1.0   1   0   0   1   1   1   1 -
GMO.00002325.v1.g480490.t1 -          p450                 PF00067.28   2.4e-96  328.2   0.0     3e-96  327.9   0.0   1.0   1   0   0   1   1   1   1 -
GMO.00000555.v1.g022740.t1 -          p450                 PF00067.28   3.3e-96  327.8   0.0   3.9e-96  327.6   0.0   1.0   1   0   0   1   1   1   1 -
GMO.00002325.v1.g480550.t1 -          p450                 PF00067.28   3.6e-96  327.7   0.0   4.3e-96  327.4   0.0   1.0   1   0   0   1   1   1   1 -
GMO.00000555.v1.g022770.t1 -          p450                 PF00067.28   4.2e-96  327.4   0.0   4.9e-96  327.2   0.0   1.0   1   0   0   1   1   1   1 -
GMO.00002453.v1.g536190.t1 -          p450                 PF00067.28   8.2e-96  326.5   0.0     1e-95  326.2   0.0   1.0   1   0   0   1   1   1   1 -
GMO.00000895.v1.g085750.t1 -          p450                 PF00067.28   1.2e-95  326.0   0.0   1.5e-95  325.7   0.0   1.0   1   0   0   1   1   1   1 -
GMO.00002253.v1.g371350.t1 -          p450                 PF00067.28   1.5e-95  325.6   0.0   1.7e-95  325.4   0.0   1.0   1   0   0   1   1   1   1 -
GMO.00002453.v1.g536210.t1 -          p450                 PF00067.28   1.7e-95  325.4   0.0   2.1e-95  325.1   0.0   1.0   1   0   0   1   1   1   1 -
GMO.00000555.v1.g022800.t1 -          p450                 PF00067.28   1.9e-95  325.3   0.0   2.2e-95  325.0   0.0   1.0   1   0   0   1   1   1   1 -
GMO.00002453.v1.g536170.t1 -          p450                 PF00067.28   3.5e-95  324.4   0.0   4.3e-95  324.1   0.0   1.0   1   0   0   1   1   1   1 -
GMO.00000827.v1.g069840.t1 -          p450                 PF00067.28   5.4e-95  323.8   0.0   6.2e-95  323.6   0.0   1.0   1   0   0   1   1   1   1 -
GMO.00002319.v1.g469790.t1 -          p450                 PF00067.28   5.4e-95  323.8   0.0   6.2e-95  323.6   0.0   1.0   1   0   0   1   1   1   1 -
GMO.00002453.v1.g536220.t1 -          p450                 PF00067.28   8.6e-95  323.1   0.0     1e-94  322.8   0.0   1.0   1   0   0   1   1   1   1 -
GMO.00000895.v1.g085720.t1 -          p450                 PF00067.28   1.2e-94  322.6   0.0   1.5e-94  322.3   0.0   1.0   1   0   0   1   1   1   1 -
GMO.00002453.v1.g535730.t1 -          p450                 PF00067.28   1.4e-94  322.5   0.0   1.8e-94  322.1   0.0   1.1   1   0   0   1   1   1   1 -
GMO.00000895.v1.g086220.t1 -          p450                 PF00067.28   2.2e-94  321.8   0.0   2.8e-94  321.4   0.0   1.1   1   0   0   1   1   1   1 -
GMO.00002288.v1.g440320.t1 -          p450                 PF00067.28   3.7e-94  321.0   0.0   5.2e-94  320.5   0.0   1.1   1   0   0   1   1   1   1 -
GMO.00001376.v1.g170200.t1 -          p450                 PF00067.28   8.7e-94  319.8   0.0   1.4e-93  319.1   0.0   1.2   1   0   0   1   1   1   1 -
GMO.00002315.v1.g452130.t1 -          p450                 PF00067.28   2.4e-92  315.0   0.0   2.8e-92  314.8   0.0   1.0   1   0   0   1   1   1   1 -
GMO.00002697.v1.g661790.t1 -          p450                 PF00067.28   2.4e-92  315.0   0.0   2.8e-92  314.8   0.0   1.0   1   0   0   1   1   1   1 -
GMO.00001525.v1.g191900.t1 -          p450                 PF00067.28   2.7e-92  314.9   0.0   3.7e-92  314.4   0.0   1.1   1   0   0   1   1   1   1 -
GMO.00001315.v1.g149120.t1 -          p450                 PF00067.28   4.8e-92  314.1   0.0   5.9e-92  313.8   0.0   1.0   1   0   0   1   1   1   1 -
GMO.00002325.v1.g480450.t1 -          p450                 PF00067.28   4.8e-92  314.1   0.0   5.9e-92  313.8   0.0   1.0   1   0   0   1   1   1   1 -
GMO.00000895.v1.g085710.t1 -          p450                 PF00067.28   8.7e-92  313.2   0.0   1.1e-91  312.9   0.0   1.0   1   0   0   1   1   1   1 -
GMO.00000555.v1.g022820.t1 -          p450                 PF00067.28   1.1e-91  312.9   0.0   1.4e-91  312.6   0.0   1.0   1   0   0   1   1   1   1 -
GMO.00002325.v1.g480500.t1 -          p450                 PF00067.28   1.2e-91  312.7   0.0   1.5e-91  312.4   0.0   1.0   1   0   0   1   1   1   1 -
GMO.00002356.v1.g502710.t1 -          p450                 PF00067.28   1.2e-91  312.7   0.0   1.6e-91  312.3   0.0   1.1   1   0   0   1   1   1   1 -
GMO.00002325.v1.g480570.t1 -          p450                 PF00067.28   2.2e-91  311.9   0.0   2.6e-91  311.6   0.0   1.0   1   0   0   1   1   1   1 -
GMO.00002518.v1.g587870.t1 -          p450                 PF00067.28   2.6e-91  311.7   0.0   3.1e-91  311.4   0.0   1.0   1   0   0   1   1   1   1 -
GMO.00002728.v1.g672360.t1 -          p450                 PF00067.28   3.8e-91  311.1   0.0   4.9e-91  310.7   0.0   1.0   1   0   0   1   1   1   1 -
GMO.00001595.v1.g201920.t1 -          p450                 PF00067.28   6.7e-91  310.3   0.0   8.4e-91  310.0   0.0   1.0   1   0   0   1   1   1   1 -
GMO.00002453.v1.g536240.t1 -          p450                 PF00067.28   2.3e-90  308.5   0.0   2.9e-90  308.2   0.0   1.0   1   0   0   1   1   1   1 -
GMO.00002768.v1.g679550.t1 -          p450                 PF00067.28   2.4e-90  308.5   0.0   2.8e-90  308.3   0.0   1.0   1   0   0   1   1   1   1 -
GMO.00001773.v1.g241060.t1 -          p450                 PF00067.28   8.5e-90  306.6   0.1   9.8e-90  306.4   0.1   1.0   1   0   0   1   1   1   1 -
GMO.00000555.v1.g022860.t1 -          p450                 PF00067.28   2.6e-89  305.0   0.0   3.3e-89  304.7   0.0   1.0   1   0   0   1   1   1   1 -
GMO.00002325.v1.g480460.t1 -          p450                 PF00067.28   2.6e-89  305.0   0.0   3.3e-89  304.7   0.0   1.0   1   0   0   1   1   1   1 -
GMO.00002253.v1.g388160.t1 -          p450                 PF00067.28   4.6e-89  304.2   0.0   5.7e-89  303.9   0.0   1.0   1   0   0   1   1   1   1 -
GMO.00002518.v1.g587860.t1 -          p450                 PF00067.28   5.8e-89  303.9   0.0     7e-89  303.6   0.0   1.0   1   0   0   1   1   1   1 -
GMO.00001014.v1.g091340.t1 -          p450                 PF00067.28   6.8e-89  303.7   0.0   8.5e-89  303.4   0.0   1.0   1   0   0   1   1   1   1 -
GMO.00001014.v1.g091350.t2 -          p450                 PF00067.28   8.8e-89  303.3   0.0     1e-88  303.0   0.0   1.0   1   0   0   1   1   1   1 -
GMO.00001343.v1.g161760.t1 -          p450                 PF00067.28   6.1e-87  297.2   0.0   7.5e-87  296.9   0.0   1.0   1   0   0   1   1   1   1 -
GMO.00002645.v1.g652180.t1 -          p450                 PF00067.28   9.7e-87  296.6   0.0   1.3e-86  296.1   0.0   1.0   1   0   0   1   1   1   1 -
GMO.00001111.v1.g110750.t2 -          p450                 PF00067.28   1.3e-86  296.1   0.0   1.6e-86  295.9   0.0   1.0   1   0   0   1   1   1   1 -
GMO.00002601.v1.g630240.t1 -          p450                 PF00067.28   1.6e-86  295.9   0.0   2.1e-86  295.4   0.0   1.0   1   0   0   1   1   1   1 -
GMO.00001385.v1.g173490.t2 -          p450                 PF00067.28   5.6e-86  294.1   0.0   6.8e-86  293.8   0.0   1.0   1   0   0   1   1   1   1 -
GMO.00000684.v1.g046560.t1 -          p450                 PF00067.28   1.5e-85  292.6   0.0   1.7e-85  292.4   0.0   1.0   1   0   0   1   1   1   1 -
GMO.00002294.v1.g447480.t1 -          p450                 PF00067.28   1.5e-85  292.6   0.0   1.7e-85  292.4   0.0   1.0   1   0   0   1   1   1   1 -
GMO.00002452.v1.g534740.t1 -          p450                 PF00067.28   1.8e-85  292.4   0.0   2.5e-85  291.9   0.0   1.1   1   0   0   1   1   1   1 -
GMO.00000748.v1.g065510.t1 -          p450                 PF00067.28   9.4e-85  290.0   0.0   1.3e-84  289.6   0.0   1.1   1   0   0   1   1   1   1 -
GMO.00002283.v1.g429740.t1 -          p450                 PF00067.28   1.1e-84  289.8   0.0   1.3e-84  289.6   0.0   1.0   1   0   0   1   1   1   1 -
GMO.00002589.v1.g625320.t1 -          p450                 PF00067.28   1.1e-84  289.8   0.0   1.3e-84  289.6   0.0   1.0   1   0   0   1   1   1   1 -
GMO.00000684.v1.g046500.t1 -          p450                 PF00067.28   2.5e-84  288.6   0.0   2.9e-84  288.4   0.0   1.0   1   0   0   1   1   1   1 -
GMO.00002294.v1.g447430.t1 -          p450                 PF00067.28   2.5e-84  288.6   0.0   2.9e-84  288.4   0.0   1.0   1   0   0   1   1   1   1 -
GMO.00002216.v1.g353960.t1 -          p450                 PF00067.28   7.1e-84  287.1   0.1     1e-83  286.6   0.1   1.2   1   0   0   1   1   1   1 -
GMO.00002364.v1.g514290.t3 -          p450                 PF00067.28   1.4e-83  286.1   0.0   1.8e-83  285.8   0.0   1.0   1   0   0   1   1   1   1 -
GMO.00002802.v1.g688190.t1 -          p450                 PF00067.28   1.4e-83  286.1   0.2   1.8e-83  285.8   0.2   1.0   1   0   0   1   1   1   1 -
GMO.00002654.v1.g655770.t1 -          p450                 PF00067.28   4.3e-83  284.5   0.2   5.3e-83  284.2   0.2   1.0   1   0   0   1   1   1   1 -
GMO.00000837.v1.g071980.t1 -          p450                 PF00067.28   5.7e-83  284.2   0.0   7.8e-83  283.7   0.0   1.1   1   0   0   1   1   1   1 -
GMO.00002319.v1.g458010.t1 -          p450                 PF00067.28   5.7e-83  284.2   0.0   7.8e-83  283.7   0.0   1.1   1   0   0   1   1   1   1 -
GMO.00001343.v1.g161770.t2 -          p450                 PF00067.28   9.7e-83  283.4   0.0   1.1e-82  283.2   0.0   1.0   1   0   0   1   1   1   1 -
GMO.00001385.v1.g173480.t2 -          p450                 PF00067.28     1e-82  283.3   0.0   1.3e-82  283.0   0.0   1.0   1   0   0   1   1   1   1 -
GMO.00000395.v1.g009900.t1 -          p450                 PF00067.28   1.2e-82  283.0   0.0   1.6e-82  282.7   0.0   1.0   1   0   0   1   1   1   1 -
GMO.00002253.v1.g370380.t1 -          p450                 PF00067.28   1.2e-82  283.0   0.0   1.6e-82  282.7   0.0   1.0   1   0   0   1   1   1   1 -
GMO.00002497.v1.g563220.t2 -          p450                 PF00067.28   1.6e-82  282.6   0.0     2e-82  282.4   0.0   1.0   1   0   0   1   1   1   1 -
GMO.00002288.v1.g440240.t1 -          p450                 PF00067.28   1.7e-82  282.5   0.0   2.1e-82  282.3   0.0   1.0   1   0   0   1   1   1   1 -
GMO.00002498.v1.g566910.t2 -          p450                 PF00067.28   2.8e-82  281.9   0.0   3.4e-82  281.6   0.0   1.0   1   0   0   1   1   1   1 -
GMO.00001266.v1.g138010.t1 -          p450                 PF00067.28   9.4e-82  280.1   0.0   1.2e-81  279.8   0.0   1.1   1   0   0   1   1   1   1 -
GMO.00002294.v1.g448420.t1 -          p450                 PF00067.28   9.5e-82  280.1   0.0   1.2e-81  279.8   0.0   1.1   1   0   0   1   1   1   1 -
GMO.00001745.v1.g234860.t1 -          p450                 PF00067.28   1.1e-81  279.8   0.0   1.6e-81  279.4   0.0   1.1   1   0   0   1   1   1   1 -
GMO.00001690.v1.g223060.t1 -          p450                 PF00067.28   1.5e-81  279.5   0.0   1.9e-81  279.1   0.0   1.0   1   0   0   1   1   1   1 -
GMO.00002465.v1.g547360.t1 -          p450                 PF00067.28   1.5e-81  279.5   0.0   1.9e-81  279.1   0.0   1.0   1   0   0   1   1   1   1 -
GMO.00000558.v1.g024250.t2 -          p450                 PF00067.28   4.5e-81  277.9   0.0   5.3e-81  277.7   0.0   1.0   1   0   0   1   1   1   1 -
GMO.00002319.v1.g462560.t1 -          p450                 PF00067.28     1e-80  276.7   0.1   1.4e-80  276.3   0.1   1.0   1   0   0   1   1   1   1 -
GMO.00000855.v1.g077950.t1 -          p450                 PF00067.28   1.2e-80  276.4   0.1   1.6e-80  276.1   0.1   1.0   1   0   0   1   1   1   1 -
GMO.00002354.v1.g500740.t2 -          p450                 PF00067.28     2e-80  275.8   0.0   2.5e-80  275.4   0.0   1.1   1   0   0   1   1   1   1 -
GMO.00002325.v1.g478320.t2 -          p450                 PF00067.28   2.1e-80  275.6   0.0   2.6e-80  275.4   0.0   1.0   1   0   0   1   1   1   1 -
GMO.00000855.v1.g077940.t1 -          p450                 PF00067.28     3e-80  275.2   0.1   4.1e-80  274.7   0.1   1.0   1   0   0   1   1   1   1 -
GMO.00002636.v1.g647730.t2 -          p450                 PF00067.28   3.5e-80  274.9   0.0   4.6e-80  274.5   0.0   1.0   1   0   0   1   1   1   1 -
GMO.00001385.v1.g173500.t2 -          p450                 PF00067.28   4.3e-80  274.7   0.0     5e-80  274.4   0.0   1.0   1   0   0   1   1   1   1 -
GMO.00001183.v1.g117980.t2 -          p450                 PF00067.28   5.1e-80  274.4   0.0   6.4e-80  274.1   0.0   1.1   1   0   0   1   1   1   1 -
GMO.00001343.v1.g161740.t2 -          p450                 PF00067.28   7.7e-80  273.8   0.0   9.4e-80  273.5   0.0   1.0   1   0   0   1   1   1   1 -
GMO.00002276.v1.g411740.t1 -          p450                 PF00067.28   8.4e-80  273.7   0.0   1.2e-79  273.2   0.0   1.1   1   0   0   1   1   1   1 -
GMO.00002556.v1.g618810.t1 -          p450                 PF00067.28   1.5e-79  272.9   0.0   1.9e-79  272.6   0.0   1.0   1   0   0   1   1   1   1 -
GMO.00002176.v1.g318380.t2 -          p450                 PF00067.28   6.2e-79  270.8   0.0   7.7e-79  270.5   0.0   1.0   1   0   0   1   1   1   1 -
GMO.00002275.v1.g406490.t1 -          p450                 PF00067.28   6.9e-79  270.7   0.0   9.8e-79  270.2   0.0   1.1   1   0   0   1   1   1   1 -
GMO.00002700.v1.g662400.t1 -          p450                 PF00067.28   8.1e-79  270.5   0.0   9.8e-79  270.2   0.0   1.0   1   0   0   1   1   1   1 -
GMO.00002312.v1.g451540.t1 -          p450                 PF00067.28   9.7e-79  270.2   0.0   1.2e-78  269.9   0.0   1.0   1   0   0   1   1   1   1 -
GMO.00000895.v1.g085790.t2 -          p450                 PF00067.28   1.9e-78  269.3   0.0   2.5e-78  268.8   0.0   1.0   1   0   0   1   1   1   1 -
GMO.00001247.v1.g133700.t1 -          p450                 PF00067.28   2.6e-78  268.8   0.0   3.6e-78  268.3   0.0   1.0   1   0   0   1   1   1   1 -
GMO.00002468.v1.g549140.t1 -          p450                 PF00067.28   2.6e-78  268.8   0.0   3.6e-78  268.3   0.0   1.0   1   0   0   1   1   1   1 -
GMO.00000855.v1.g077930.t1 -          p450                 PF00067.28   2.7e-78  268.7   0.1   3.8e-78  268.2   0.1   1.1   1   0   0   1   1   1   1 -
GMO.00001695.v1.g225560.t2 -          p450                 PF00067.28     3e-78  268.6   0.0   3.5e-78  268.3   0.0   1.0   1   0   0   1   1   1   1 -
GMO.00002319.v1.g462530.t1 -          p450                 PF00067.28   3.7e-78  268.3   0.1   5.1e-78  267.8   0.1   1.1   1   0   0   1   1   1   1 -
GMO.00001111.v1.g114800.t1 -          p450                 PF00067.28   4.6e-78  268.0   0.0   5.9e-78  267.6   0.0   1.0   1   0   0   1   1   1   1 -
GMO.00001695.v1.g225550.t1 -          p450                 PF00067.28   6.7e-78  267.4   0.0     8e-78  267.2   0.0   1.0   1   0   0   1   1   1   1 -
GMO.00000095.v1.g000830.t1 -          p450                 PF00067.28   7.7e-78  267.2   0.0   9.2e-78  267.0   0.0   1.0   1   0   0   1   1   1   1 -
GMO.00002176.v1.g318430.t1 -          p450                 PF00067.28   7.7e-78  267.2   0.0   9.2e-78  267.0   0.0   1.0   1   0   0   1   1   1   1 -
GMO.00002500.v1.g573140.t1 -          p450                 PF00067.28     1e-77  266.8   0.0   1.4e-77  266.4   0.0   1.0   1   0   0   1   1   1   1 -
GMO.00002556.v1.g618500.t2 -          p450                 PF00067.28   1.4e-77  266.4   0.0   1.6e-77  266.1   0.0   1.0   1   0   0   1   1   1   1 -
GMO.00001808.v1.g249080.t2 -          p450                 PF00067.28   2.4e-77  265.6   0.0   3.1e-77  265.2   0.0   1.1   1   0   0   1   1   1   1 -
GMO.00001599.v1.g207000.t2 -          p450                 PF00067.28   2.6e-77  265.5   0.0     3e-77  265.3   0.0   1.0   1   0   0   1   1   1   1 -
GMO.00002312.v1.g451550.t1 -          p450                 PF00067.28   2.7e-77  265.4   0.0   3.3e-77  265.1   0.0   1.0   1   0   0   1   1   1   1 -
GMO.00002700.v1.g662350.t1 -          p450                 PF00067.28   2.7e-77  265.4   0.0   3.3e-77  265.1   0.0   1.0   1   0   0   1   1   1   1 -
GMO.00001309.v1.g145170.t1 -          p450                 PF00067.28     4e-76  261.6   0.0   5.2e-76  261.2   0.0   1.0   1   0   0   1   1   1   1 -
GMO.00002523.v1.g604530.t1 -          p450                 PF00067.28   4.9e-76  261.3   0.0   6.2e-76  260.9   0.0   1.1   1   0   0   1   1   1   1 -
GMO.00002805.v1.g688290.t1 -          p450                 PF00067.28   4.9e-76  261.3   0.0   6.2e-76  260.9   0.0   1.1   1   0   0   1   1   1   1 -
GMO.00000847.v1.g076180.t1 -          p450                 PF00067.28   7.6e-76  260.6   0.0     1e-75  260.2   0.0   1.0   1   0   0   1   1   1   1 -
GMO.00002319.v1.g459170.t1 -          p450                 PF00067.28   1.4e-75  259.8   0.1   1.9e-75  259.3   0.1   1.0   1   0   0   1   1   1   1 -
GMO.00002319.v1.g459180.t1 -          p450                 PF00067.28   3.4e-75  258.5   0.1   4.3e-75  258.2   0.1   1.0   1   0   0   1   1   1   1 -
GMO.00002556.v1.g618490.t2 -          p450                 PF00067.28   9.4e-75  257.1   0.0   1.1e-74  256.8   0.0   1.0   1   0   0   1   1   1   1 -
GMO.00001343.v1.g163340.t2 -          p450                 PF00067.28   2.9e-74  255.5   0.0   3.4e-74  255.2   0.0   1.0   1   0   0   1   1   1   1 -
GMO.00001385.v1.g171860.t2 -          p450                 PF00067.28   2.9e-74  255.5   0.0   3.4e-74  255.2   0.0   1.0   1   0   0   1   1   1   1 -
GMO.00002363.v1.g506270.t1 -          p450                 PF00067.28   2.9e-74  255.4   0.0     4e-74  255.0   0.0   1.0   1   0   0   1   1   1   1 -
GMO.00000847.v1.g076170.t1 -          p450                 PF00067.28   8.3e-74  253.9   0.1   1.1e-73  253.6   0.1   1.0   1   0   0   1   1   1   1 -
GMO.00001278.v1.g140690.t1 -          p450                 PF00067.28   9.5e-74  253.7   0.0   1.2e-73  253.4   0.0   1.0   1   0   0   1   1   1   1 -
GMO.00002494.v1.g559460.t1 -          p450                 PF00067.28   9.5e-74  253.7   0.0   1.2e-73  253.4   0.0   1.0   1   0   0   1   1   1   1 -
GMO.00000693.v1.g047280.t1 -          p450                 PF00067.28   1.8e-73  252.8   0.0   2.4e-73  252.4   0.0   1.1   1   0   0   1   1   1   1 -
GMO.00002317.v1.g455050.t1 -          p450                 PF00067.28   2.8e-73  252.2   0.0   3.6e-73  251.8   0.0   1.1   1   0   0   1   1   1   1 -
GMO.00001330.v1.g153530.t1 -          p450                 PF00067.28   3.1e-73  252.1   0.2   4.1e-73  251.7   0.2   1.0   1   0   0   1   1   1   1 -
GMO.00002453.v1.g537630.t2 -          p450                 PF00067.28   3.8e-73  251.8   0.1   4.7e-73  251.5   0.1   1.0   1   0   0   1   1   1   1 -
GMO.00000574.v1.g029490.t2 -          p450                 PF00067.28     1e-72  250.3   0.0   1.2e-72  250.1   0.0   1.0   1   0   0   1   1   1   1 -
GMO.00002325.v1.g480350.t1 -          p450                 PF00067.28   1.6e-72  249.7   0.2     2e-72  249.3   0.2   1.0   1   0   0   1   1   1   1 -
GMO.00002319.v1.g473260.t4 -          p450                 PF00067.28   1.8e-72  249.5   0.1   2.4e-72  249.1   0.1   1.1   1   0   0   1   1   1   1 -
GMO.00000895.v1.g084320.t2 -          p450                 PF00067.28   2.8e-72  248.9   0.1   3.5e-72  248.6   0.1   1.0   1   0   0   1   1   1   1 -
GMO.00002253.v1.g369750.t1 -          p450                 PF00067.28   3.1e-72  248.7   0.0   4.2e-72  248.3   0.0   1.1   1   0   0   1   1   1   1 -
GMO.00001343.v1.g163350.t2 -          p450                 PF00067.28   3.5e-72  248.6   0.0   4.3e-72  248.3   0.0   1.0   1   0   0   1   1   1   1 -
GMO.00000847.v1.g076200.t1 -          p450                 PF00067.28   4.5e-72  248.2   0.4   5.9e-72  247.8   0.4   1.1   1   0   0   1   1   1   1 -
GMO.00002319.v1.g459150.t1 -          p450                 PF00067.28   4.5e-72  248.2   0.4   5.9e-72  247.8   0.4   1.1   1   0   0   1   1   1   1 -
GMO.00000872.v1.g080170.t2 -          p450                 PF00067.28   8.8e-72  247.2   0.1   1.1e-71  246.9   0.1   1.0   1   0   0   1   1   1   1 -
GMO.00002319.v1.g459160.t1 -          p450                 PF00067.28   3.6e-71  245.3   0.1   4.8e-71  244.8   0.1   1.0   1   0   0   1   1   1   1 -
GMO.00001056.v1.g099770.t1 -          p450                 PF00067.28   5.6e-71  244.6   0.0   6.7e-71  244.3   0.0   1.0   1   0   0   1   1   1   1 -
GMO.00002363.v1.g508920.t1 -          p450                 PF00067.28   1.3e-70  243.4   0.0   1.6e-70  243.1   0.0   1.0   1   0   0   1   1   1   1 -
GMO.00000847.v1.g076190.t1 -          p450                 PF00067.28   1.4e-70  243.3   0.1   1.9e-70  242.9   0.1   1.0   1   0   0   1   1   1   1 -
GMO.00001343.v1.g160020.t2 -          p450                 PF00067.28   4.2e-70  241.7   0.2   2.1e-69  239.4   0.2   1.8   1   1   0   1   1   1   1 -
GMO.00001385.v1.g175310.t2 -          p450                 PF00067.28   4.2e-70  241.7   0.2   2.1e-69  239.4   0.2   1.8   1   1   0   1   1   1   1 -
GMO.00002770.v1.g681890.t2 -          p450                 PF00067.28   6.5e-70  241.1   0.2     8e-70  240.8   0.2   1.0   1   0   0   1   1   1   1 -
GMO.00002612.v1.g635740.t1 -          p450                 PF00067.28   1.2e-68  236.9   0.6   2.3e-68  236.0   0.6   1.4   1   1   0   1   1   1   1 -
GMO.00000602.v1.g037050.t2 -          p450                 PF00067.28   1.9e-68  236.3   0.0   2.2e-68  236.1   0.0   1.0   1   0   0   1   1   1   1 -
GMO.00002354.v1.g495850.t2 -          p450                 PF00067.28   1.9e-68  236.3   0.0   2.2e-68  236.1   0.0   1.0   1   0   0   1   1   1   1 -
GMO.00002601.v1.g631280.t1 -          p450                 PF00067.28   5.5e-68  234.7   0.6   1.1e-67  233.8   0.6   1.4   1   1   0   1   1   1   1 -
GMO.00001595.v1.g202620.t2 -          p450                 PF00067.28   8.7e-68  234.1   0.3     1e-67  233.8   0.3   1.0   1   0   0   1   1   1   1 -
GMO.00002284.v1.g432820.t2 -          p450                 PF00067.28   2.3e-67  232.7   0.1     3e-67  232.3   0.1   1.0   1   0   0   1   1   1   1 -
GMO.00002486.v1.g552560.t2 -          p450                 PF00067.28   2.5e-67  232.6   0.1   3.2e-67  232.2   0.1   1.0   1   0   0   1   1   1   1 -
GMO.00002253.v1.g390980.t1 -          p450                 PF00067.28   3.8e-67  232.0   0.0     5e-67  231.6   0.0   1.0   1   0   0   1   1   1   1 -
GMO.00000616.v1.g037230.t1 -          p450                 PF00067.28   1.6e-66  229.9   0.0   2.6e-66  229.2   0.0   1.3   1   1   0   1   1   1   1 -
GMO.00002354.v1.g497510.t1 -          p450                 PF00067.28   1.6e-66  229.9   0.0   2.6e-66  229.2   0.0   1.3   1   1   0   1   1   1   1 -
GMO.00001343.v1.g157710.t1 -          p450                 PF00067.28   3.1e-66  228.9   0.0   4.1e-66  228.6   0.0   1.0   1   0   0   1   1   1   1 -
GMO.00001385.v1.g177530.t1 -          p450                 PF00067.28   3.1e-66  228.9   0.0   4.1e-66  228.6   0.0   1.0   1   0   0   1   1   1   1 -
GMO.00000855.v1.g077960.t1 -          p450                 PF00067.28   5.1e-66  228.3   0.1   5.8e-66  228.1   0.1   1.0   1   0   0   1   1   1   1 -
GMO.00002319.v1.g462570.t1 -          p450                 PF00067.28   6.6e-65  224.6   0.1   7.4e-65  224.4   0.1   1.0   1   0   0   1   1   1   1 -
GMO.00002276.v1.g412500.t1 -          p450                 PF00067.28   3.8e-64  222.1   0.0   4.8e-64  221.7   0.0   1.0   1   0   0   1   1   1   1 -
GMO.00002254.v1.g391910.t4 -          p450                 PF00067.28   6.1e-64  221.4   0.1   1.8e-59  206.7   0.0   2.0   1   1   1   2   2   2   2 -
GMO.00002275.v1.g405750.t1 -          p450                 PF00067.28   6.1e-64  221.4   0.0   7.7e-64  221.1   0.0   1.0   1   0   0   1   1   1   1 -
GMO.00000840.v1.g073960.t1 -          p450                 PF00067.28   6.4e-64  221.3   0.0   8.2e-64  221.0   0.0   1.1   1   0   0   1   1   1   1 -
GMO.00002319.v1.g460840.t1 -          p450                 PF00067.28   6.4e-64  221.3   0.0   8.2e-64  221.0   0.0   1.1   1   0   0   1   1   1   1 -
GMO.00002176.v1.g311220.t1 -          p450                 PF00067.28   8.9e-64  220.9   0.0   1.2e-63  220.5   0.0   1.0   1   0   0   1   1   1   1 -
GMO.00002176.v1.g314120.t1 -          p450                 PF00067.28   1.4e-63  220.2   0.0   1.8e-63  219.8   0.0   1.0   1   0   0   1   1   1   1 -
GMO.00002319.v1.g462550.t1 -          p450                 PF00067.28   1.6e-63  220.0   0.0   1.9e-63  219.8   0.0   1.0   1   0   0   1   1   1   1 -
GMO.00002522.v1.g598960.t1 -          p450                 PF00067.28   4.1e-63  218.7   0.3   5.8e-63  218.2   0.3   1.1   1   0   0   1   1   1   1 -
GMO.00001697.v1.g226020.t1 -          p450                 PF00067.28   5.6e-63  218.2   0.2   8.3e-63  217.7   0.2   1.1   1   0   0   1   1   1   1 -
GMO.00002553.v1.g615210.t2 -          p450                 PF00067.28   7.3e-63  217.8   0.0   9.3e-63  217.5   0.0   1.0   1   0   0   1   1   1   1 -
GMO.00001655.v1.g216700.t1 -          p450                 PF00067.28   9.4e-63  217.5   0.9   1.2e-62  217.1   0.9   1.1   1   0   0   1   1   1   1 -
GMO.00002767.v1.g679420.t1 -          p450                 PF00067.28   9.4e-63  217.5   0.9   1.2e-62  217.1   0.9   1.1   1   0   0   1   1   1   1 -
GMO.00000720.v1.g052970.t1 -          p450                 PF00067.28   5.2e-62  215.0   0.0   6.5e-62  214.7   0.0   1.1   1   0   0   1   1   1   1 -
GMO.00002288.v1.g438700.t1 -          p450                 PF00067.28   1.1e-61  214.0   0.0   1.4e-61  213.6   0.0   1.0   1   0   0   1   1   1   1 -
GMO.00001085.v1.g104380.t1 -          p450                 PF00067.28   2.2e-61  213.0   0.0   2.7e-61  212.7   0.0   1.1   1   0   0   1   1   1   1 -
GMO.00001385.v1.g175330.t1 -          p450                 PF00067.28   8.4e-61  211.1   0.0   1.2e-60  210.5   0.0   1.2   1   0   0   1   1   1   1 -
GMO.00001343.v1.g159310.t1 -          p450                 PF00067.28   2.1e-60  209.7   1.9   2.6e-60  209.4   1.9   1.0   1   0   0   1   1   1   1 -
GMO.00002325.v1.g476450.t1 -          p450                 PF00067.28   2.8e-60  209.4   0.0   3.4e-60  209.0   0.0   1.0   1   0   0   1   1   1   1 -
GMO.00000940.v1.g089160.t1 -          p450                 PF00067.28   2.8e-60  209.4   0.0   3.4e-60  209.0   0.0   1.0   1   0   0   1   1   1   1 -
GMO.00000883.v1.g082090.t1 -          p450                 PF00067.28     3e-60  209.2   0.1   3.9e-60  208.8   0.1   1.1   1   0   0   1   1   1   1 -
GMO.00002319.v1.g461900.t1 -          p450                 PF00067.28     3e-60  209.2   0.1   3.9e-60  208.8   0.1   1.1   1   0   0   1   1   1   1 -
GMO.00002621.v1.g640040.t1 -          p450                 PF00067.28   5.1e-60  208.5   0.1   6.4e-60  208.1   0.1   1.0   1   0   0   1   1   1   1 -
GMO.00001343.v1.g160000.t1 -          p450                 PF00067.28   7.9e-60  207.8   0.0   1.2e-59  207.3   0.0   1.2   1   0   0   1   1   1   1 -
GMO.00001385.v1.g176010.t1 -          p450                 PF00067.28   9.4e-60  207.6   2.0   1.1e-59  207.3   2.0   1.0   1   0   0   1   1   1   1 -
GMO.00002338.v1.g492990.t1 -          p450                 PF00067.28   2.7e-59  206.1   0.1   3.5e-59  205.7   0.1   1.1   1   0   0   1   1   1   1 -
GMO.00001346.v1.g164340.t1 -          p450                 PF00067.28   3.1e-59  205.9   0.0     4e-59  205.5   0.0   1.0   1   0   0   1   1   1   1 -
GMO.00002495.v1.g560520.t1 -          p450                 PF00067.28   3.1e-59  205.9   0.0     4e-59  205.5   0.0   1.0   1   0   0   1   1   1   1 -
GMO.00000574.v1.g035090.t1 -          p450                 PF00067.28   5.5e-59  205.1   0.0   1.1e-57  200.8   0.0   2.0   1   1   0   1   1   1   1 -
GMO.00002523.v1.g599970.t1 -          p450                 PF00067.28     1e-58  204.2   0.0   1.1e-58  204.0   0.0   1.0   1   0   0   1   1   1   1 -
GMO.00002725.v1.g671090.t1 -          p450                 PF00067.28   1.1e-58  204.1   0.0   2.1e-57  199.9   0.0   2.0   1   1   0   1   1   1   1 -
GMO.00002338.v1.g493120.t1 -          p450                 PF00067.28   2.5e-58  202.9   0.1   3.2e-58  202.5   0.1   1.0   1   0   0   1   1   1   1 -
GMO.00002621.v1.g640200.t1 -          p450                 PF00067.28   2.7e-58  202.8   0.1   3.5e-58  202.4   0.1   1.0   1   0   0   1   1   1   1 -
GMO.00002787.v1.g684330.t1 -          p450                 PF00067.28   4.9e-58  201.9   0.0   6.4e-58  201.5   0.0   1.0   1   0   0   1   1   1   1 -
GMO.00002749.v1.g677230.t1 -          p450                 PF00067.28   5.2e-58  201.9   0.0   6.3e-58  201.6   0.0   1.0   1   0   0   1   1   1   1 -
GMO.00002747.v1.g676540.t1 -          p450                 PF00067.28   5.3e-58  201.8   0.0   6.4e-58  201.6   0.0   1.0   1   0   0   1   1   1   1 -
GMO.00002218.v1.g365720.t1 -          p450                 PF00067.28     7e-58  201.4   0.0   9.2e-58  201.0   0.0   1.0   1   0   0   1   1   1   1 -
GMO.00002523.v1.g603780.t1 -          p450                 PF00067.28   4.2e-57  198.9   0.1   5.5e-57  198.5   0.1   1.1   1   0   0   1   1   1   1 -
GMO.00002336.v1.g489480.t1 -          p450                 PF00067.28   5.2e-57  198.6   0.5   6.6e-57  198.2   0.5   1.1   1   0   0   1   1   1   1 -
GMO.00001385.v1.g176020.t1 -          p450                 PF00067.28   9.9e-57  197.6   3.8   1.2e-56  197.3   3.8   1.0   1   0   0   1   1   1   1 -
GMO.00001016.v1.g092380.t2 -          p450                 PF00067.28   1.2e-56  197.3   0.0   1.7e-56  196.8   0.0   1.1   1   0   0   1   1   1   1 -
GMO.00002319.v1.g461880.t1 -          p450                 PF00067.28   3.4e-56  195.9   0.1   4.4e-56  195.5   0.1   1.1   1   0   0   1   1   1   1 -
GMO.00002516.v1.g581170.t2 -          p450                 PF00067.28   5.4e-56  195.2   0.0   7.6e-56  194.7   0.0   1.1   1   0   0   1   1   1   1 -
GMO.00001385.v1.g176420.t3 -          p450                 PF00067.28   7.2e-56  194.8   0.1   8.6e-56  194.5   0.1   1.0   1   0   0   1   1   1   1 -
GMO.00001343.v1.g158870.t3 -          p450                 PF00067.28   7.5e-56  194.7   0.1   9.1e-56  194.5   0.1   1.0   1   0   0   1   1   1   1 -
GMO.00000748.v1.g066580.t1 -          p450                 PF00067.28   3.4e-55  192.6   0.2   1.6e-54  190.4   0.2   1.7   1   1   0   1   1   1   1 -
GMO.00001343.v1.g155450.t1 -          p450                 PF00067.28   3.4e-55  192.6   0.2   1.6e-54  190.4   0.2   1.7   1   1   0   1   1   1   1 -
GMO.00001343.v1.g159290.t2 -          p450                 PF00067.28   4.3e-55  192.2   3.7   5.1e-55  192.0   3.7   1.0   1   0   0   1   1   1   1 -
GMO.00001385.v1.g176060.t2 -          p450                 PF00067.28   5.6e-55  191.9   4.3   7.4e-55  191.5   4.3   1.0   1   0   0   1   1   1   1 -
GMO.00001343.v1.g159260.t2 -          p450                 PF00067.28   9.3e-55  191.1   4.4   1.2e-54  190.7   4.4   1.0   1   0   0   1   1   1   1 -
GMO.00000883.v1.g082080.t1 -          p450                 PF00067.28   4.2e-54  189.0   0.4   5.2e-54  188.7   0.4   1.1   1   0   0   1   1   1   1 -
GMO.00001811.v1.g249300.t1 -          p450                 PF00067.28   8.9e-53  184.6   0.0   1.1e-52  184.3   0.0   1.0   1   0   0   1   1   1   1 -
GMO.00002459.v1.g541580.t1 -          p450                 PF00067.28   1.3e-52  184.1   0.0   1.6e-52  183.8   0.0   1.0   1   0   0   1   1   1   1 -
GMO.00002495.v1.g561420.t2 -          p450                 PF00067.28   1.7e-51  180.3   0.1   2.1e-51  180.0   0.1   1.1   1   0   0   1   1   1   1 -
GMO.00001343.v1.g159280.t2 -          p450                 PF00067.28   2.4e-51  179.9   4.7   3.2e-51  179.5   4.7   1.0   1   0   0   1   1   1   1 -
GMO.00002319.v1.g465520.t1 -          p450                 PF00067.28     1e-50  177.8   0.0   1.3e-50  177.4   0.0   1.1   1   0   0   1   1   1   1 -
GMO.00002433.v1.g532290.t2 -          p450                 PF00067.28   1.7e-50  177.0   0.0   2.3e-50  176.6   0.0   1.1   1   0   0   1   1   1   1 -
GMO.00002459.v1.g541590.t1 -          p450                 PF00067.28   3.8e-50  175.9   0.0   4.8e-50  175.6   0.0   1.0   1   0   0   1   1   1   1 -
GMO.00001811.v1.g249290.t1 -          p450                 PF00067.28   5.1e-50  175.5   0.0   6.5e-50  175.2   0.0   1.0   1   0   0   1   1   1   1 -
GMO.00001385.v1.g176030.t2 -          p450                 PF00067.28   9.4e-50  174.6   3.8   1.2e-49  174.2   3.8   1.0   1   0   0   1   1   1   1 -
GMO.00002176.v1.g311190.t1 -          p450                 PF00067.28   1.2e-49  174.3   0.0   1.5e-49  174.0   0.0   1.0   1   0   0   1   1   1   1 -
GMO.00001346.v1.g165240.t2 -          p450                 PF00067.28   1.8e-49  173.7   0.3   2.2e-49  173.4   0.3   1.0   1   0   0   1   1   1   1 -
GMO.00001343.v1.g159300.t2 -          p450                 PF00067.28   1.6e-48  170.6   2.9   2.1e-48  170.2   2.9   1.0   1   0   0   1   1   1   1 -
GMO.00001573.v1.g199780.t1 -          p450                 PF00067.28   2.6e-48  169.9   0.0   3.6e-48  169.4   0.0   1.1   1   0   0   1   1   1   1 -
GMO.00000537.v1.g020360.t1 -          p450                 PF00067.28   3.8e-48  169.3   0.3   7.2e-48  168.4   0.3   1.4   1   1   0   1   1   1   1 -
GMO.00002275.v1.g404120.t1 -          p450                 PF00067.28   1.1e-47  167.9   0.3     2e-47  166.9   0.3   1.4   1   1   0   1   1   1   1 -
GMO.00002523.v1.g599520.t1 -          p450                 PF00067.28   3.2e-47  166.3   0.0   7.4e-47  165.1   0.0   1.6   1   1   1   2   2   2   1 -
GMO.00001385.v1.g171850.t1 -          p450                 PF00067.28   8.2e-47  164.9   0.0   1.1e-46  164.6   0.0   1.0   1   0   0   1   1   1   1 -
GMO.00000095.v1.g000850.t1 -          p450                 PF00067.28   3.1e-44  156.5   0.0   3.7e-44  156.2   0.0   1.0   1   0   0   1   1   1   1 -
GMO.00002176.v1.g318410.t1 -          p450                 PF00067.28   3.1e-44  156.5   0.0   3.7e-44  156.2   0.0   1.0   1   0   0   1   1   1   1 -
GMO.00002336.v1.g487390.t1 -          p450                 PF00067.28   3.7e-43  152.9   0.0   7.8e-43  151.8   0.0   1.4   1   1   1   2   2   2   1 -
GMO.00001380.v1.g171440.t1 -          p450                 PF00067.28   6.2e-41  145.5   0.0   7.9e-41  145.2   0.0   1.0   1   0   0   1   1   1   1 -
GMO.00002271.v1.g399410.t1 -          p450                 PF00067.28   2.6e-38  136.9   0.0     3e-38  136.7   0.0   1.0   1   0   0   1   1   1   1 -
GMO.00002176.v1.g318390.t1 -          p450                 PF00067.28   2.4e-34  123.9   0.0   2.8e-34  123.6   0.0   1.0   1   0   0   1   1   1   1 -
GMO.00001376.v1.g170110.t1 -          p450                 PF00067.28   1.3e-31  114.9   0.0   1.6e-31  114.6   0.0   1.0   1   0   0   1   1   1   1 -
GMO.00002176.v1.g310420.t1 -          p450                 PF00067.28   4.5e-31  113.0   0.0   5.9e-31  112.7   0.0   1.1   1   0   0   1   1   1   1 -
GMO.00002255.v1.g391920.t1 -          p450                 PF00067.28   6.7e-31  112.5   0.1   8.8e-31  112.1   0.1   1.1   1   0   0   1   1   1   1 -
GMO.00001376.v1.g169990.t1 -          p450                 PF00067.28   3.1e-29  107.0   0.0   3.9e-29  106.6   0.0   1.0   1   0   0   1   1   1   1 -
GMO.00002288.v1.g440130.t1 -          p450                 PF00067.28   1.6e-28  104.6   0.0   2.1e-28  104.3   0.0   1.0   1   0   0   1   1   1   1 -
GMO.00001329.v1.g149380.t1 -          p450                 PF00067.28   2.9e-27  100.5   0.8     2e-20   77.9   0.0   2.4   1   1   1   2   2   2   2 -
GMO.00002523.v1.g599540.t1 -          p450                 PF00067.28   2.9e-27  100.5   0.8     2e-20   77.9   0.0   2.4   1   1   1   2   2   2   2 -
GMO.00001527.v1.g193280.t1 -          p450                 PF00067.28   2.5e-26   97.4   0.0     3e-26   97.1   0.0   1.0   1   0   0   1   1   1   1 -
GMO.00002275.v1.g403670.t1 -          p450                 PF00067.28   1.6e-25   94.7   0.0   1.8e-25   94.6   0.0   1.0   1   0   0   1   1   1   1 -
GMO.00000095.v1.g000840.t1 -          p450                 PF00067.28   1.6e-24   91.5   0.0   1.9e-24   91.2   0.0   1.1   1   0   0   1   1   1   1 -
GMO.00002176.v1.g318420.t1 -          p450                 PF00067.28   1.6e-24   91.5   0.0   1.9e-24   91.2   0.0   1.1   1   0   0   1   1   1   1 -
GMO.00001508.v1.g187910.t1 -          p450                 PF00067.28     2e-23   87.9   0.0   2.5e-23   87.5   0.0   1.0   1   0   0   1   1   1   1 -
GMO.00001706.v1.g226830.t1 -          p450                 PF00067.28   2.1e-22   84.5   0.0   2.5e-22   84.2   0.0   1.0   1   0   0   1   1   1   1 -
GMO.00002325.v1.g480590.t1 -          p450                 PF00067.28   2.8e-21   80.8   0.2   3.3e-21   80.5   0.2   1.0   1   0   0   1   1   1   1 -
GMO.00001837.v1.g256280.t1 -          p450                 PF00067.28   2.2e-20   77.8   0.0   2.7e-20   77.5   0.0   1.0   1   0   0   1   1   1   1 -
GMO.00001753.v1.g239020.t1 -          p450                 PF00067.28   2.6e-18   71.0   0.0   4.9e-16   63.5   0.0   2.2   2   0   0   2   2   2   1 -
GMO.00002631.v1.g642910.t1 -          p450                 PF00067.28   6.1e-18   69.8   0.0   4.9e-16   63.5   0.0   2.2   2   0   0   2   2   2   1 -
GMO.00001329.v1.g149410.t1 -          p450                 PF00067.28   1.1e-17   68.9   0.0   1.4e-17   68.6   0.0   1.1   1   0   0   1   1   1   1 -
GMO.00002523.v1.g599570.t1 -          p450                 PF00067.28   1.1e-17   68.9   0.0   1.4e-17   68.6   0.0   1.1   1   0   0   1   1   1   1 -
GMO.00000719.v1.g049070.t2 -          p450                 PF00067.28   4.3e-17   67.0   0.0     6e-16   63.2   0.0   2.0   2   0   0   2   2   2   1 -
GMO.00002275.v1.g408390.t2 -          p450                 PF00067.28   4.4e-17   66.9   0.0   1.2e-15   62.2   0.0   2.1   2   0   0   2   2   2   1 -
GMO.00000552.v1.g021550.t2 -          p450                 PF00067.28   4.8e-17   66.8   0.0     6e-17   66.5   0.0   1.1   1   0   0   1   1   1   1 -
GMO.00002368.v1.g515760.t1 -          p450                 PF00067.28   7.1e-17   66.2   0.0   1.1e-15   62.3   0.0   2.1   2   0   0   2   2   2   1 -
GMO.00001736.v1.g232730.t1 -          p450                 PF00067.28   1.9e-16   64.8   0.0   1.1e-15   62.3   0.0   2.0   2   0   0   2   2   2   1 -
GMO.00002363.v1.g506290.t1 -          p450                 PF00067.28   2.6e-16   64.4   0.0   2.9e-16   64.2   0.0   1.0   1   0   0   1   1   1   1 -
GMO.00001329.v1.g149370.t1 -          p450                 PF00067.28   5.7e-16   63.3   0.0   7.9e-16   62.8   0.0   1.2   1   0   0   1   1   1   1 -
GMO.00000684.v1.g046510.t1 -          p450                 PF00067.28   6.1e-16   63.2   0.0   7.2e-16   62.9   0.0   1.0   1   0   0   1   1   1   1 -
GMO.00002294.v1.g447450.t1 -          p450                 PF00067.28   6.1e-16   63.2   0.0   7.2e-16   62.9   0.0   1.0   1   0   0   1   1   1   1 -
GMO.00002494.v1.g559400.t2 -          p450                 PF00067.28   8.3e-16   62.7   0.0   9.5e-16   62.5   0.0   1.0   1   0   0   1   1   1   1 -
GMO.00001736.v1.g232740.t1 -          p450                 PF00067.28   1.8e-15   61.6   0.1   3.6e-14   57.3   0.1   2.1   2   0   0   2   2   2   1 -
GMO.00002523.v1.g599530.t1 -          p450                 PF00067.28   1.9e-15   61.5   0.0   2.7e-15   61.1   0.0   1.2   1   0   0   1   1   1   1 -
GMO.00002176.v1.g340570.t1 -          p450                 PF00067.28   2.3e-15   61.3   0.0   2.7e-15   61.0   0.0   1.0   1   0   0   1   1   1   1 -
GMO.00002368.v1.g515840.t1 -          p450                 PF00067.28   4.5e-15   60.3   0.1   6.2e-14   56.5   0.1   2.1   2   0   0   2   2   2   1 -
GMO.00002176.v1.g313970.t1 -          p450                 PF00067.28   2.7e-14   57.7   0.0   1.7e-13   55.1   0.0   2.0   2   0   0   2   2   2   1 -
GMO.00002176.v1.g338720.t1 -          p450                 PF00067.28   5.1e-13   53.5   0.0   1.5e-12   52.0   0.0   1.7   2   0   0   2   2   1   1 -
GMO.00002211.v1.g343080.t1 -          p450                 PF00067.28   5.1e-13   53.5   0.0   1.5e-12   52.0   0.0   1.7   2   0   0   2   2   1   1 -
GMO.00002325.v1.g479010.t1 -          p450                 PF00067.28   5.2e-12   50.2   0.0   6.7e-12   49.8   0.0   1.2   1   0   0   1   1   1   1 -
GMO.00000531.v1.g014170.t1 -          p450                 PF00067.28   2.3e-11   48.1   0.1   2.6e-11   47.9   0.1   1.0   1   0   0   1   1   1   1 -
GMO.00002325.v1.g480580.t2 -          p450                 PF00067.28     1e-10   46.0   0.0   1.2e-10   45.8   0.0   1.0   1   0   0   1   1   1   1 -
GMO.00002319.v1.g462540.t1 -          p450                 PF00067.28   4.3e-10   43.9   0.0   5.8e-10   43.4   0.0   1.1   1   0   0   1   1   1   1 -
GMO.00002176.v1.g311210.t1 -          p450                 PF00067.28   5.9e-10   43.4   0.0   7.4e-10   43.1   0.0   1.1   1   0   0   1   1   1   1 -
GMO.00000342.v1.g009310.t1 -          p450                 PF00067.28   1.2e-07   35.9   0.0   1.5e-07   35.5   0.0   1.1   1   0   0   1   1   1   1 -
GMO.00002176.v1.g318400.t1 -          p450                 PF00067.28   5.1e-07   33.7   0.0   5.8e-07   33.6   0.0   1.0   1   0   0   1   1   1   1 -
GMO.00001376.v1.g170080.t1 -          p450                 PF00067.28   9.6e-05   26.2   0.0   0.00011   26.1   0.0   1.0   1   0   0   1   1   1   1 -
GMO.00002288.v1.g440200.t1 -          p450                 PF00067.28   9.6e-05   26.2   0.0   0.00011   26.1   0.0   1.0   1   0   0   1   1   1   1 -
GMO.00001329.v1.g149420.t1 -          p450                 PF00067.28    0.0034   21.1   0.5    0.0037   21.0   0.5   1.0   1   0   0   1   1   1   0 -
GMO.00002523.v1.g599580.t1 -          p450                 PF00067.28    0.0034   21.1   0.5    0.0037   21.0   0.5   1.0   1   0   0   1   1   1   0 -
GMO.00002641.v1.g651380.t2 -          p450                 PF00067.28     0.014   19.1   0.0     0.015   19.0   0.0   1.0   1   0   0   1   1   1   0 -
GMO.00001047.v1.g096280.t1 -          p450                 PF00067.28       1.1   12.9   0.5       1.3   12.6   0.5   1.0   1   0   0   1   1   1   0 -
GMO.00002425.v1.g524400.t1 -          p450                 PF00067.28       1.1   12.9   0.5       1.3   12.6   0.5   1.0   1   0   0   1   1   1   0 -
GMO.00001343.v1.g161750.t1 -          p450                 PF00067.28       4.1   11.0   0.1       5.4   10.6   0.1   1.2   1   0   0   1   1   1   0 -
#
# Program:         hmmsearch
# Version:         3.4 (Aug 2023)
# Pipeline mode:   SEARCH
# Query file:      /Users/agata/Documents/cannamatrix/Project_02/Analysis/HPL/PF00067.hmm
# Target file:     /Users/agata/Documents/cannamatrix/Project_01/genome_Cannabis_GMO/genes_v1/GMO.v1.primary_high_confidence.proteins.fasta
# Option settings: hmmsearch -o /Users/agata/Documents/cannamatrix/Project_02/Analysis/HPL//GMO.v1.primary_high_confidence.proteins/PF00067.log -A /Users/agata/Documents/cannamatrix/Project_02/Analysis/HPL//GMO.v1.primary_high_confidence.proteins/PF00067.sto --tblout /Users/agata/Documents/cannamatrix/Project_02/Analysis/HPL//GMO.v1.primary_high_confidence.proteins/PF00067.tbl --incE 0.001 -Z 567483 /Users/agata/Documents/cannamatrix/Project_02/Analysis/HPL/PF00067.hmm /Users/agata/Documents/cannamatrix/Project_01/genome_Cannabis_GMO/genes_v1/GMO.v1.primary_high_confidence.proteins.fasta 
# Current dir:     /Users/agata/Documents/cannamatrix/Project_02/Analysis
# Date:            Mon Mar 16 15:42:32 2026
# [ok]
