#                                                                     --- full sequence ---- --- best 1 domain ---- --- domain number estimation ----
# target name              accession  query name           accession    E-value  score  bias   E-value  score  bias   exp reg clu  ov env dom rep inc description of target
#      ------------------- ---------- -------------------- ---------- --------- ------ ----- --------- ------ -----   --- --- --- --- --- --- --- --- ---------------------
GMO.00001817.v1.g250650.t1 -          UDPGT                PF00201.25   2.7e-41  146.9   0.0   5.7e-41  145.8   0.0   1.4   1   1   0   1   1   1   1 -
GMO.00002427.v1.g525470.t1 -          UDPGT                PF00201.25   7.2e-41  145.5   0.0   1.5e-40  144.4   0.0   1.5   1   1   0   1   1   1   1 -
GMO.00001111.v1.g110370.t1 -          UDPGT                PF00201.25   3.6e-32  116.8   0.0   1.8e-31  114.4   0.0   1.9   1   1   0   1   1   1   1 -
GMO.00002275.v1.g406180.t1 -          UDPGT                PF00201.25   7.2e-28  102.6   0.1   2.8e-27  100.7   0.0   1.8   2   0   0   2   2   2   1 -
GMO.00002276.v1.g412060.t1 -          UDPGT                PF00201.25   7.2e-28  102.6   0.1   2.8e-27  100.7   0.0   1.8   2   0   0   2   2   2   1 -
GMO.00002275.v1.g406190.t1 -          UDPGT                PF00201.25   4.2e-27  100.1   0.1   1.7e-26   98.0   0.0   1.9   2   0   0   2   2   2   1 -
GMO.00002276.v1.g412050.t1 -          UDPGT                PF00201.25   4.2e-27  100.1   0.1   1.7e-26   98.0   0.0   1.9   2   0   0   2   2   2   1 -
GMO.00000743.v1.g063840.t1 -          UDPGT                PF00201.25   4.4e-27  100.0   0.2   1.6e-24   91.6   0.0   2.2   2   0   0   2   2   2   1 -
GMO.00002275.v1.g406170.t1 -          UDPGT                PF00201.25   4.5e-27  100.0   0.0     1e-26   98.8   0.0   1.6   2   0   0   2   2   1   1 -
GMO.00002271.v1.g400150.t1 -          UDPGT                PF00201.25   4.5e-27   99.9   0.2   1.4e-24   91.7   0.0   2.1   2   0   0   2   2   2   1 -
GMO.00002276.v1.g412090.t1 -          UDPGT                PF00201.25   7.1e-27   99.3   0.0   1.6e-26   98.2   0.0   1.6   2   0   0   2   2   1   1 -
GMO.00002176.v1.g339760.t1 -          UDPGT                PF00201.25   8.6e-26   95.7   0.0   1.1e-25   95.4   0.0   1.1   1   0   0   1   1   1   1 -
GMO.00002564.v1.g620610.t1 -          UDPGT                PF00201.25   8.6e-26   95.7   0.0   1.4e-25   95.1   0.0   1.2   1   0   0   1   1   1   1 -
GMO.00002275.v1.g406590.t1 -          UDPGT                PF00201.25   1.1e-25   95.4   0.0   1.8e-25   94.7   0.0   1.3   1   0   0   1   1   1   1 -
GMO.00002253.v1.g377240.t1 -          UDPGT                PF00201.25   2.2e-25   94.4   0.0   4.7e-25   93.3   0.0   1.6   1   1   0   1   1   1   1 -
GMO.00002276.v1.g411600.t1 -          UDPGT                PF00201.25   2.9e-25   94.0   0.0     5e-25   93.2   0.0   1.3   1   0   0   1   1   1   1 -
GMO.00002290.v1.g442820.t1 -          UDPGT                PF00201.25   4.7e-25   93.3   0.1   6.2e-25   92.9   0.1   1.1   1   0   0   1   1   1   1 -
GMO.00001595.v1.g202070.t2 -          UDPGT                PF00201.25   5.1e-25   93.2   0.0     6e-25   92.9   0.0   1.1   1   0   0   1   1   1   1 -
GMO.00002728.v1.g672240.t2 -          UDPGT                PF00201.25   5.1e-25   93.2   0.0     6e-25   92.9   0.0   1.1   1   0   0   1   1   1   1 -
GMO.00001605.v1.g208780.t1 -          UDPGT                PF00201.25   8.2e-25   92.5   0.0   1.2e-24   92.0   0.0   1.1   1   0   0   1   1   1   1 -
GMO.00001665.v1.g217040.t1 -          UDPGT                PF00201.25   8.2e-25   92.5   0.0   1.2e-24   92.0   0.0   1.1   1   0   0   1   1   1   1 -
GMO.00001355.v1.g166210.t1 -          UDPGT                PF00201.25   1.5e-24   91.6   0.1   2.1e-24   91.2   0.1   1.1   1   0   0   1   1   1   1 -
GMO.00002354.v1.g499980.t1 -          UDPGT                PF00201.25   2.7e-24   90.8   0.0   4.4e-24   90.1   0.0   1.2   1   0   0   1   1   1   1 -
GMO.00002695.v1.g661250.t1 -          UDPGT                PF00201.25   5.2e-24   89.9   0.0   8.3e-24   89.2   0.0   1.2   1   0   0   1   1   1   1 -
GMO.00000531.v1.g014520.t1 -          UDPGT                PF00201.25   6.1e-24   89.6   0.0   9.7e-24   89.0   0.0   1.3   1   0   0   1   1   1   1 -
GMO.00001229.v1.g124640.t1 -          UDPGT                PF00201.25   6.2e-24   89.6   0.0   9.7e-24   89.0   0.0   1.2   1   0   0   1   1   1   1 -
GMO.00001343.v1.g156040.t1 -          UDPGT                PF00201.25   8.2e-24   89.2   0.0   4.8e-23   86.7   0.0   1.8   2   0   0   2   2   2   1 -
GMO.00002356.v1.g504540.t1 -          UDPGT                PF00201.25   8.9e-24   89.1   0.0   1.6e-23   88.3   0.0   1.3   1   1   0   1   1   1   1 -
GMO.00002176.v1.g324960.t1 -          UDPGT                PF00201.25   1.1e-23   88.8   0.0   1.6e-23   88.2   0.0   1.2   1   0   0   1   1   1   1 -
GMO.00001513.v1.g189790.t1 -          UDPGT                PF00201.25   1.1e-23   88.8   0.0   1.9e-23   88.0   0.0   1.3   1   0   0   1   1   1   1 -
GMO.00002176.v1.g339780.t1 -          UDPGT                PF00201.25   1.2e-23   88.7   0.0   1.8e-23   88.1   0.0   1.2   1   0   0   1   1   1   1 -
GMO.00000193.v1.g004660.t1 -          UDPGT                PF00201.25   1.3e-23   88.6   0.0   1.9e-23   88.0   0.0   1.2   1   0   0   1   1   1   1 -
GMO.00002453.v1.g537940.t1 -          UDPGT                PF00201.25   1.8e-23   88.1   0.0   5.5e-23   86.5   0.0   1.6   2   0   0   2   2   1   1 -
GMO.00002319.v1.g473720.t2 -          UDPGT                PF00201.25   2.2e-23   87.8   0.0   4.3e-23   86.8   0.0   1.5   2   0   0   2   2   1   1 -
GMO.00001399.v1.g180070.t1 -          UDPGT                PF00201.25   2.4e-23   87.7   0.0     1e-22   85.6   0.0   1.8   2   0   0   2   2   2   1 -
GMO.00002453.v1.g537930.t1 -          UDPGT                PF00201.25   2.4e-23   87.6   0.0   2.9e-23   87.4   0.0   1.1   1   0   0   1   1   1   1 -
GMO.00000872.v1.g079670.t1 -          UDPGT                PF00201.25   2.8e-23   87.4   0.0   4.5e-23   86.7   0.0   1.3   1   0   0   1   1   1   1 -
GMO.00002317.v1.g452590.t1 -          UDPGT                PF00201.25   2.9e-23   87.4   0.0   4.8e-23   86.7   0.0   1.3   1   0   0   1   1   1   1 -
GMO.00001111.v1.g113620.t1 -          UDPGT                PF00201.25   3.2e-23   87.3   0.0   4.6e-23   86.7   0.0   1.2   1   0   0   1   1   1   1 -
GMO.00000574.v1.g034180.t1 -          UDPGT                PF00201.25   4.8e-23   86.7   0.0   1.8e-22   84.7   0.0   1.7   1   1   0   2   2   2   1 -
GMO.00000895.v1.g084030.t2 -          UDPGT                PF00201.25   6.9e-23   86.1   0.0   8.2e-23   85.9   0.0   1.1   1   0   0   1   1   1   1 -
GMO.00000895.v1.g084020.t1 -          UDPGT                PF00201.25   7.8e-23   86.0   0.1   2.4e-22   84.4   0.0   1.7   2   0   0   2   2   1   1 -
GMO.00002453.v1.g537970.t1 -          UDPGT                PF00201.25   9.5e-23   85.7   0.0   1.1e-22   85.5   0.0   1.1   1   0   0   1   1   1   1 -
GMO.00001399.v1.g179990.t2 -          UDPGT                PF00201.25   1.6e-22   84.9   0.0   3.1e-22   84.0   0.0   1.4   1   0   0   1   1   1   1 -
GMO.00002354.v1.g497710.t1 -          UDPGT                PF00201.25   1.9e-22   84.7   0.0   3.1e-22   84.0   0.0   1.3   1   0   0   1   1   1   1 -
GMO.00000895.v1.g084000.t1 -          UDPGT                PF00201.25     2e-22   84.6   0.0   2.9e-22   84.1   0.0   1.4   1   1   0   1   1   1   1 -
GMO.00001227.v1.g123890.t1 -          UDPGT                PF00201.25   2.1e-22   84.5   0.0   3.1e-22   84.0   0.0   1.2   1   0   0   1   1   1   1 -
GMO.00002354.v1.g497690.t1 -          UDPGT                PF00201.25   2.3e-22   84.4   0.0   3.6e-22   83.8   0.0   1.2   1   0   0   1   1   1   1 -
GMO.00001399.v1.g180040.t1 -          UDPGT                PF00201.25   2.8e-22   84.1   0.0   7.3e-22   82.8   0.0   1.6   2   0   0   2   2   1   1 -
GMO.00002612.v1.g636460.t1 -          UDPGT                PF00201.25   2.8e-22   84.1   0.0   1.4e-21   81.8   0.0   2.0   1   1   0   1   1   1   1 -
GMO.00000895.v1.g084010.t1 -          UDPGT                PF00201.25     3e-22   84.0   0.2     2e-21   81.3   0.1   1.9   2   0   0   2   2   2   1 -
GMO.00001111.v1.g113650.t1 -          UDPGT                PF00201.25   3.5e-22   83.8   0.0   4.9e-22   83.3   0.0   1.1   1   0   0   1   1   1   1 -
GMO.00002453.v1.g537950.t1 -          UDPGT                PF00201.25     4e-22   83.6   0.2   1.6e-21   81.6   0.1   1.8   2   0   0   2   2   2   1 -
GMO.00001111.v1.g113640.t1 -          UDPGT                PF00201.25   4.2e-22   83.6   0.0   6.4e-22   83.0   0.0   1.2   1   0   0   1   1   1   1 -
GMO.00002601.v1.g630520.t1 -          UDPGT                PF00201.25     5e-22   83.3   0.0   5.5e-21   79.9   0.0   2.3   1   1   0   1   1   1   1 -
GMO.00002176.v1.g339790.t1 -          UDPGT                PF00201.25   6.6e-22   82.9   0.0     1e-21   82.3   0.0   1.2   1   0   0   1   1   1   1 -
GMO.00000895.v1.g083990.t1 -          UDPGT                PF00201.25   6.8e-22   82.9   0.0   1.5e-21   81.7   0.0   1.5   1   1   0   1   1   1   1 -
GMO.00002601.v1.g631610.t1 -          UDPGT                PF00201.25     7e-22   82.8   0.0   1.1e-21   82.2   0.0   1.2   1   0   0   1   1   1   1 -
GMO.00002611.v1.g635400.t1 -          UDPGT                PF00201.25     7e-22   82.8   0.0   1.1e-21   82.2   0.0   1.2   1   0   0   1   1   1   1 -
GMO.00000193.v1.g004670.t1 -          UDPGT                PF00201.25   9.5e-22   82.4   0.0   1.5e-21   81.7   0.0   1.2   1   0   0   1   1   1   1 -
GMO.00001343.v1.g155930.t2 -          UDPGT                PF00201.25   1.1e-21   82.2   0.0     2e-21   81.3   0.0   1.4   1   0   0   1   1   1   1 -
GMO.00001343.v1.g155980.t1 -          UDPGT                PF00201.25   1.1e-21   82.1   0.0   2.7e-21   80.9   0.0   1.5   2   0   0   2   2   1   1 -
GMO.00001227.v1.g123860.t1 -          UDPGT                PF00201.25   1.5e-21   81.8   0.0   2.4e-21   81.0   0.0   1.3   1   1   0   1   1   1   1 -
GMO.00002468.v1.g548890.t1 -          UDPGT                PF00201.25   1.5e-21   81.7   0.0     2e-18   71.4   0.0   2.1   2   0   0   2   2   2   2 -
GMO.00002283.v1.g427480.t1 -          UDPGT                PF00201.25   1.7e-21   81.5   0.0     2e-21   81.3   0.0   1.1   1   0   0   1   1   1   1 -
GMO.00001227.v1.g123870.t1 -          UDPGT                PF00201.25     2e-21   81.3   0.0   2.4e-21   81.1   0.0   1.1   1   0   0   1   1   1   1 -
GMO.00000613.v1.g037170.t1 -          UDPGT                PF00201.25   2.1e-21   81.3   0.0   3.1e-21   80.7   0.0   1.2   1   0   0   1   1   1   1 -
GMO.00002354.v1.g497720.t1 -          UDPGT                PF00201.25   2.1e-21   81.3   0.0   3.1e-21   80.7   0.0   1.2   1   0   0   1   1   1   1 -
GMO.00002453.v1.g537980.t1 -          UDPGT                PF00201.25   2.1e-21   81.2   0.0   3.3e-21   80.6   0.0   1.2   1   0   0   1   1   1   1 -
GMO.00002453.v1.g537910.t1 -          UDPGT                PF00201.25   2.3e-21   81.1   0.0   5.7e-21   79.8   0.0   1.7   1   1   0   1   1   1   1 -
GMO.00002276.v1.g411590.t1 -          UDPGT                PF00201.25   2.5e-21   81.0   0.0   3.6e-21   80.5   0.0   1.2   1   0   0   1   1   1   1 -
GMO.00001247.v1.g133930.t1 -          UDPGT                PF00201.25   2.9e-21   80.8   0.0   3.2e-18   70.8   0.0   2.1   2   0   0   2   2   2   1 -
GMO.00002283.v1.g427490.t1 -          UDPGT                PF00201.25   3.3e-21   80.6   0.0   3.7e-21   80.4   0.0   1.1   1   0   0   1   1   1   1 -
GMO.00002283.v1.g427500.t1 -          UDPGT                PF00201.25   4.5e-21   80.1   0.0   8.7e-21   79.2   0.0   1.5   1   1   0   1   1   1   1 -
GMO.00002283.v1.g427450.t1 -          UDPGT                PF00201.25   4.7e-21   80.1   0.0   8.3e-21   79.3   0.0   1.3   1   1   0   1   1   1   1 -
GMO.00001111.v1.g113660.t1 -          UDPGT                PF00201.25   4.9e-21   80.0   0.0   7.9e-21   79.4   0.0   1.2   1   0   0   1   1   1   1 -
GMO.00001399.v1.g180030.t1 -          UDPGT                PF00201.25     5e-21   80.0   0.0   2.7e-20   77.6   0.0   1.8   2   0   0   2   2   2   1 -
GMO.00002356.v1.g504520.t1 -          UDPGT                PF00201.25   5.3e-21   79.9   0.0   9.4e-21   79.1   0.0   1.3   1   0   0   1   1   1   1 -
GMO.00002601.v1.g631630.t1 -          UDPGT                PF00201.25   5.4e-21   79.9   0.0   7.8e-21   79.4   0.0   1.5   1   1   0   1   1   1   1 -
GMO.00001227.v1.g123830.t1 -          UDPGT                PF00201.25   5.9e-21   79.8   0.0   9.6e-21   79.1   0.0   1.3   1   1   0   1   1   1   1 -
GMO.00001513.v1.g189770.t1 -          UDPGT                PF00201.25     6e-21   79.8   0.0     1e-20   79.0   0.0   1.3   1   0   0   1   1   1   1 -
GMO.00000539.v1.g020990.t2 -          UDPGT                PF00201.25   6.6e-21   79.6   0.0   9.9e-21   79.0   0.0   1.2   1   0   0   1   1   1   1 -
GMO.00002276.v1.g411950.t2 -          UDPGT                PF00201.25   6.6e-21   79.6   0.0   9.9e-21   79.0   0.0   1.2   1   0   0   1   1   1   1 -
GMO.00001177.v1.g117170.t1 -          UDPGT                PF00201.25   6.6e-21   79.6   0.0   9.9e-21   79.0   0.0   1.2   1   0   0   1   1   1   1 -
GMO.00002176.v1.g339730.t1 -          UDPGT                PF00201.25   7.6e-21   79.4   0.0   1.1e-20   78.8   0.0   1.2   1   0   0   1   1   1   1 -
GMO.00002354.v1.g499050.t1 -          UDPGT                PF00201.25   1.1e-20   78.9   0.0   1.5e-20   78.5   0.0   1.1   1   0   0   1   1   1   1 -
GMO.00000895.v1.g083980.t1 -          UDPGT                PF00201.25   1.1e-20   78.8   0.0   2.4e-20   77.8   0.0   1.4   2   0   0   2   2   1   1 -
GMO.00002176.v1.g339580.t1 -          UDPGT                PF00201.25   1.2e-20   78.8   0.0   1.8e-20   78.2   0.0   1.2   1   0   0   1   1   1   1 -
GMO.00002275.v1.g406290.t1 -          UDPGT                PF00201.25   1.2e-20   78.7   0.0   1.8e-20   78.1   0.0   1.2   1   0   0   1   1   1   1 -
GMO.00002276.v1.g411630.t1 -          UDPGT                PF00201.25   1.3e-20   78.6   0.0     2e-20   78.0   0.0   1.2   1   0   0   1   1   1   1 -
GMO.00001343.v1.g155970.t1 -          UDPGT                PF00201.25   1.4e-20   78.6   0.1   6.5e-20   76.3   0.0   1.8   2   0   0   2   2   2   1 -
GMO.00002275.v1.g406550.t1 -          UDPGT                PF00201.25   1.4e-20   78.5   0.0   2.1e-20   78.0   0.0   1.2   1   0   0   1   1   1   1 -
GMO.00002783.v1.g683720.t2 -          UDPGT                PF00201.25   1.5e-20   78.5   0.0   3.2e-20   77.4   0.0   1.5   2   0   0   2   2   1   1 -
GMO.00002466.v1.g547550.t1 -          UDPGT                PF00201.25   1.5e-20   78.4   0.0   3.3e-20   77.3   0.0   1.5   2   0   0   2   2   1   1 -
GMO.00002453.v1.g537990.t1 -          UDPGT                PF00201.25   1.7e-20   78.3   0.0   3.3e-20   77.3   0.0   1.4   2   0   0   2   2   1   1 -
GMO.00000895.v1.g084050.t1 -          UDPGT                PF00201.25   1.9e-20   78.1   0.0   2.8e-20   77.6   0.0   1.2   1   0   0   1   1   1   1 -
GMO.00002354.v1.g497730.t1 -          UDPGT                PF00201.25   1.9e-20   78.1   0.0   2.8e-20   77.5   0.0   1.2   1   0   0   1   1   1   1 -
GMO.00002275.v1.g406600.t1 -          UDPGT                PF00201.25   1.9e-20   78.1   0.0   2.8e-20   77.6   0.0   1.1   1   0   0   1   1   1   1 -
GMO.00001111.v1.g109720.t1 -          UDPGT                PF00201.25   2.1e-20   78.0   0.0   2.7e-20   77.6   0.0   1.2   1   0   0   1   1   1   1 -
GMO.00000574.v1.g034170.t1 -          UDPGT                PF00201.25   2.1e-20   78.0   0.0   8.1e-20   76.0   0.0   1.8   2   0   0   2   2   2   1 -
GMO.00001694.v1.g224810.t1 -          UDPGT                PF00201.25   2.8e-20   77.5   0.0   7.5e-20   76.1   0.0   1.6   2   0   0   2   2   1   1 -
GMO.00002555.v1.g617440.t1 -          UDPGT                PF00201.25   2.8e-20   77.5   0.0   7.5e-20   76.1   0.0   1.6   2   0   0   2   2   1   1 -
GMO.00001855.v1.g256900.t1 -          UDPGT                PF00201.25   2.9e-20   77.5   0.0     4e-20   77.0   0.0   1.1   1   0   0   1   1   1   1 -
GMO.00002695.v1.g660400.t1 -          UDPGT                PF00201.25     4e-20   77.0   0.0   5.9e-20   76.5   0.0   1.2   1   0   0   1   1   1   1 -
GMO.00002782.v1.g683650.t1 -          UDPGT                PF00201.25   4.1e-20   77.0   0.1   1.4e-19   75.2   0.0   1.9   2   0   0   2   2   1   1 -
GMO.00002466.v1.g547590.t1 -          UDPGT                PF00201.25   4.2e-20   77.0   0.1   1.5e-19   75.2   0.0   1.9   2   0   0   2   2   1   1 -
GMO.00000395.v1.g009830.t1 -          UDPGT                PF00201.25   4.3e-20   76.9   0.0   7.4e-20   76.1   0.0   1.4   1   0   0   1   1   1   1 -
GMO.00002253.v1.g370450.t1 -          UDPGT                PF00201.25   4.3e-20   76.9   0.0   7.4e-20   76.1   0.0   1.4   1   0   0   1   1   1   1 -
GMO.00001399.v1.g180050.t1 -          UDPGT                PF00201.25   5.1e-20   76.7   0.0   1.2e-19   75.5   0.0   1.5   2   0   0   2   2   1   1 -
GMO.00002285.v1.g435810.t1 -          UDPGT                PF00201.25   5.3e-20   76.6   0.0   8.7e-20   75.9   0.0   1.2   1   0   0   1   1   1   1 -
GMO.00001343.v1.g155990.t1 -          UDPGT                PF00201.25   5.4e-20   76.6   0.0   1.2e-19   75.4   0.0   1.5   2   0   0   2   2   1   1 -
GMO.00002176.v1.g339800.t1 -          UDPGT                PF00201.25   6.2e-20   76.4   0.0   9.2e-20   75.8   0.0   1.1   1   0   0   1   1   1   1 -
GMO.00001343.v1.g162370.t1 -          UDPGT                PF00201.25   6.7e-20   76.3   0.1   1.3e-19   75.3   0.1   1.4   2   0   0   2   2   1   1 -
GMO.00001044.v1.g095030.t1 -          UDPGT                PF00201.25   7.3e-20   76.2   0.0   1.1e-19   75.6   0.0   1.2   1   0   0   1   1   1   1 -
GMO.00002283.v1.g426110.t1 -          UDPGT                PF00201.25   7.3e-20   76.2   0.0   1.1e-19   75.6   0.0   1.2   1   0   0   1   1   1   1 -
GMO.00002368.v1.g516680.t1 -          UDPGT                PF00201.25   7.3e-20   76.2   0.0     1e-19   75.7   0.0   1.1   1   0   0   1   1   1   1 -
GMO.00001736.v1.g233430.t1 -          UDPGT                PF00201.25     8e-20   76.0   0.0   1.1e-19   75.5   0.0   1.2   1   0   0   1   1   1   1 -
GMO.00002468.v1.g548850.t1 -          UDPGT                PF00201.25   8.4e-20   76.0   0.0   1.3e-17   68.7   0.0   2.1   2   0   0   2   2   2   1 -
GMO.00001385.v1.g172870.t1 -          UDPGT                PF00201.25   9.4e-20   75.8   0.1   1.7e-19   75.0   0.1   1.3   1   0   0   1   1   1   1 -
GMO.00001044.v1.g095060.t1 -          UDPGT                PF00201.25   1.2e-19   75.5   0.0   1.7e-19   74.9   0.0   1.1   1   0   0   1   1   1   1 -
GMO.00002283.v1.g426070.t1 -          UDPGT                PF00201.25   1.4e-19   75.2   0.0   1.9e-19   74.8   0.0   1.1   1   0   0   1   1   1   1 -
GMO.00002466.v1.g547610.t1 -          UDPGT                PF00201.25   1.4e-19   75.2   0.0   5.3e-19   73.3   0.0   1.8   2   0   0   2   2   2   1 -
GMO.00002782.v1.g683640.t1 -          UDPGT                PF00201.25   1.8e-19   74.9   0.0   6.4e-19   73.1   0.0   1.8   2   0   0   2   2   2   1 -
GMO.00001513.v1.g189780.t1 -          UDPGT                PF00201.25   1.8e-19   74.9   0.0   3.6e-19   73.9   0.0   1.4   1   1   0   1   1   1   1 -
GMO.00002695.v1.g661220.t1 -          UDPGT                PF00201.25   1.8e-19   74.9   0.0     3e-19   74.1   0.0   1.3   1   0   0   1   1   1   1 -
GMO.00002356.v1.g504530.t1 -          UDPGT                PF00201.25     2e-19   74.8   0.0   3.4e-19   73.9   0.0   1.4   1   0   0   1   1   1   1 -
GMO.00001343.v1.g156010.t1 -          UDPGT                PF00201.25   2.2e-19   74.6   0.0   3.4e-19   74.0   0.0   1.2   1   0   0   1   1   1   1 -
GMO.00002702.v1.g663680.t1 -          UDPGT                PF00201.25   3.3e-19   74.0   0.0   5.2e-19   73.4   0.0   1.5   1   1   0   1   1   1   1 -
GMO.00002658.v1.g657180.t1 -          UDPGT                PF00201.25   3.5e-19   73.9   0.0   5.8e-19   73.2   0.0   1.5   1   1   0   1   1   1   1 -
GMO.00001343.v1.g160360.t1 -          UDPGT                PF00201.25   4.4e-19   73.6   0.0   7.1e-19   72.9   0.0   1.3   1   0   0   1   1   1   1 -
GMO.00001385.v1.g174740.t1 -          UDPGT                PF00201.25   5.6e-19   73.3   0.0   9.6e-19   72.5   0.0   1.3   1   0   0   1   1   1   1 -
GMO.00001177.v1.g117210.t1 -          UDPGT                PF00201.25   5.9e-19   73.2   0.0   8.5e-19   72.6   0.0   1.2   1   0   0   1   1   1   1 -
GMO.00002354.v1.g499000.t1 -          UDPGT                PF00201.25   5.9e-19   73.2   0.0   8.5e-19   72.6   0.0   1.2   1   0   0   1   1   1   1 -
GMO.00000895.v1.g084060.t1 -          UDPGT                PF00201.25   5.9e-19   73.2   0.0   8.2e-19   72.7   0.0   1.3   1   0   0   1   1   1   1 -
GMO.00002317.v1.g452620.t1 -          UDPGT                PF00201.25   6.1e-19   73.1   0.0     1e-18   72.4   0.0   1.3   1   0   0   1   1   1   1 -
GMO.00001573.v1.g199650.t1 -          UDPGT                PF00201.25   6.1e-19   73.1   0.0   8.9e-19   72.6   0.0   1.1   1   0   0   1   1   1   1 -
GMO.00001573.v1.g199640.t1 -          UDPGT                PF00201.25   6.9e-19   73.0   0.0     1e-18   72.4   0.0   1.1   1   0   0   1   1   1   1 -
GMO.00002336.v1.g487290.t1 -          UDPGT                PF00201.25   7.4e-19   72.8   0.0   1.1e-18   72.3   0.0   1.1   1   0   0   1   1   1   1 -
GMO.00002453.v1.g537900.t1 -          UDPGT                PF00201.25   7.8e-19   72.8   0.0   1.1e-18   72.3   0.0   1.3   1   0   0   1   1   1   1 -
GMO.00001690.v1.g222820.t1 -          UDPGT                PF00201.25   8.6e-19   72.6   0.0   1.6e-18   71.8   0.0   1.5   2   0   0   2   2   1   1 -
GMO.00002465.v1.g547540.t1 -          UDPGT                PF00201.25   8.6e-19   72.6   0.0   1.6e-18   71.8   0.0   1.5   2   0   0   2   2   1   1 -
GMO.00002466.v1.g547630.t1 -          UDPGT                PF00201.25   8.6e-19   72.6   0.0   1.7e-18   71.7   0.0   1.4   1   0   0   1   1   1   1 -
GMO.00002782.v1.g683630.t1 -          UDPGT                PF00201.25   8.6e-19   72.6   0.0   1.7e-18   71.7   0.0   1.4   1   0   0   1   1   1   1 -
GMO.00000193.v1.g004470.t1 -          UDPGT                PF00201.25   9.7e-19   72.5   0.0   1.3e-18   72.1   0.0   1.3   1   0   0   1   1   1   1 -
GMO.00001385.v1.g174770.t1 -          UDPGT                PF00201.25   1.2e-18   72.1   0.0   2.1e-18   71.4   0.0   1.3   1   0   0   1   1   1   1 -
GMO.00002725.v1.g671940.t2 -          UDPGT                PF00201.25   1.3e-18   72.0   0.0   3.2e-18   70.8   0.0   1.6   2   0   0   2   2   1   1 -
GMO.00001508.v1.g187390.t1 -          UDPGT                PF00201.25   1.8e-18   71.6   0.1   9.1e-18   69.2   0.0   1.9   2   0   0   2   2   2   1 -
GMO.00001694.v1.g224770.t1 -          UDPGT                PF00201.25   2.6e-18   71.1   0.0     4e-18   70.4   0.0   1.2   1   0   0   1   1   1   1 -
GMO.00002555.v1.g617410.t1 -          UDPGT                PF00201.25   2.6e-18   71.1   0.0     4e-18   70.4   0.0   1.2   1   0   0   1   1   1   1 -
GMO.00002275.v1.g406580.t1 -          UDPGT                PF00201.25   3.4e-18   70.7   0.0   4.7e-18   70.2   0.0   1.2   1   0   0   1   1   1   1 -
GMO.00002466.v1.g547570.t1 -          UDPGT                PF00201.25   3.4e-18   70.7   0.0   1.7e-17   68.4   0.0   2.0   2   0   0   2   2   2   1 -
GMO.00002782.v1.g683690.t1 -          UDPGT                PF00201.25   3.4e-18   70.7   0.0   1.7e-17   68.4   0.0   2.0   2   0   0   2   2   2   1 -
GMO.00002783.v1.g683700.t1 -          UDPGT                PF00201.25   3.4e-18   70.7   0.0   1.7e-17   68.4   0.0   2.0   2   0   0   2   2   2   1 -
GMO.00002553.v1.g615790.t1 -          UDPGT                PF00201.25   3.5e-18   70.6   0.0   9.5e-18   69.2   0.0   1.7   1   1   0   1   1   1   1 -
GMO.00001343.v1.g160390.t1 -          UDPGT                PF00201.25   3.8e-18   70.5   0.1     6e-18   69.9   0.1   1.2   1   0   0   1   1   1   1 -
GMO.00001085.v1.g107510.t1 -          UDPGT                PF00201.25   4.2e-18   70.4   0.0     6e-18   69.9   0.0   1.1   1   0   0   1   1   1   1 -
GMO.00001343.v1.g160400.t1 -          UDPGT                PF00201.25   4.7e-18   70.2   0.0   8.6e-18   69.3   0.0   1.4   1   0   0   1   1   1   1 -
GMO.00002276.v1.g411610.t1 -          UDPGT                PF00201.25   4.8e-18   70.2   0.0   6.7e-18   69.7   0.0   1.2   1   0   0   1   1   1   1 -
GMO.00001399.v1.g180060.t1 -          UDPGT                PF00201.25   4.9e-18   70.2   0.0   7.9e-18   69.5   0.0   1.3   1   0   0   1   1   1   1 -
GMO.00001047.v1.g096250.t1 -          UDPGT                PF00201.25   5.5e-18   70.0   0.0   9.8e-18   69.1   0.0   1.4   1   0   0   1   1   1   1 -
GMO.00002425.v1.g524420.t1 -          UDPGT                PF00201.25   5.5e-18   70.0   0.0   9.8e-18   69.1   0.0   1.4   1   0   0   1   1   1   1 -
GMO.00000720.v1.g055880.t1 -          UDPGT                PF00201.25   5.6e-18   70.0   0.0   7.9e-18   69.5   0.0   1.1   1   0   0   1   1   1   1 -
GMO.00001690.v1.g222860.t1 -          UDPGT                PF00201.25   7.1e-18   69.6   0.0     3e-17   67.6   0.0   1.8   2   0   0   2   2   2   1 -
GMO.00002465.v1.g547500.t1 -          UDPGT                PF00201.25   7.1e-18   69.6   0.0     3e-17   67.6   0.0   1.8   2   0   0   2   2   2   1 -
GMO.00002427.v1.g525520.t1 -          UDPGT                PF00201.25   9.7e-18   69.2   0.0   1.4e-17   68.7   0.0   1.2   1   0   0   1   1   1   1 -
GMO.00001385.v1.g174750.t1 -          UDPGT                PF00201.25     1e-17   69.1   0.0   1.5e-17   68.6   0.0   1.2   1   0   0   1   1   1   1 -
GMO.00002466.v1.g547560.t1 -          UDPGT                PF00201.25   1.4e-17   68.6   0.2   6.8e-17   66.4   0.1   1.9   2   0   0   2   2   2   1 -
GMO.00002783.v1.g683710.t1 -          UDPGT                PF00201.25   1.4e-17   68.6   0.2   6.8e-17   66.4   0.1   1.9   2   0   0   2   2   2   1 -
GMO.00002368.v1.g516670.t1 -          UDPGT                PF00201.25   1.5e-17   68.5   0.0   2.6e-17   67.8   0.0   1.3   1   0   0   1   1   1   1 -
GMO.00002176.v1.g323940.t1 -          UDPGT                PF00201.25   2.1e-17   68.0   0.0   3.2e-17   67.5   0.0   1.2   1   0   0   1   1   1   1 -
GMO.00000193.v1.g004620.t1 -          UDPGT                PF00201.25   2.4e-17   67.9   0.0   4.1e-17   67.1   0.0   1.3   1   0   0   1   1   1   1 -
GMO.00001736.v1.g233410.t1 -          UDPGT                PF00201.25   2.6e-17   67.8   0.0   4.5e-17   67.0   0.0   1.3   1   0   0   1   1   1   1 -
GMO.00001343.v1.g160370.t1 -          UDPGT                PF00201.25   2.9e-17   67.6   0.0   4.2e-17   67.0   0.0   1.2   1   0   0   1   1   1   1 -
GMO.00002468.v1.g548950.t2 -          UDPGT                PF00201.25   3.1e-17   67.5   0.0   5.7e-17   66.6   0.0   1.4   1   0   0   1   1   1   1 -
GMO.00001247.v1.g133910.t2 -          UDPGT                PF00201.25   4.3e-17   67.0   0.0     8e-17   66.1   0.0   1.4   1   0   0   1   1   1   1 -
GMO.00001690.v1.g223040.t1 -          UDPGT                PF00201.25   6.4e-17   66.5   0.0   8.5e-17   66.1   0.0   1.2   1   0   0   1   1   1   1 -
GMO.00002356.v1.g504870.t1 -          UDPGT                PF00201.25   7.9e-17   66.2   0.0   1.2e-16   65.5   0.0   1.2   1   0   0   1   1   1   1 -
GMO.00001177.v1.g117200.t1 -          UDPGT                PF00201.25   8.2e-17   66.1   0.0   1.3e-16   65.5   0.0   1.2   1   0   0   1   1   1   1 -
GMO.00001513.v1.g190060.t1 -          UDPGT                PF00201.25   1.4e-16   65.3   0.0   2.1e-16   64.7   0.0   1.2   1   0   0   1   1   1   1 -
GMO.00001690.v1.g222830.t1 -          UDPGT                PF00201.25   1.6e-16   65.1   0.1   5.6e-16   63.4   0.0   2.1   2   1   0   2   2   1   1 -
GMO.00002465.v1.g547530.t1 -          UDPGT                PF00201.25   1.6e-16   65.1   0.1   5.6e-16   63.4   0.0   2.1   2   1   0   2   2   1   1 -
GMO.00002354.v1.g499010.t1 -          UDPGT                PF00201.25   7.5e-16   62.9   0.0   1.2e-15   62.3   0.0   1.2   1   0   0   1   1   1   1 -
GMO.00001690.v1.g222910.t1 -          UDPGT                PF00201.25   1.7e-15   61.7   0.0   2.7e-15   61.1   0.0   1.2   1   0   0   1   1   1   1 -
GMO.00002465.v1.g547380.t1 -          UDPGT                PF00201.25     2e-15   61.6   0.0   3.2e-15   60.9   0.0   1.3   1   0   0   1   1   1   1 -
GMO.00002465.v1.g547450.t1 -          UDPGT                PF00201.25   2.4e-15   61.3   0.0   3.8e-15   60.6   0.0   1.2   1   0   0   1   1   1   1 -
GMO.00002176.v1.g339720.t1 -          UDPGT                PF00201.25   3.7e-15   60.7   0.0   6.5e-15   59.8   0.0   1.3   1   0   0   1   1   1   1 -
GMO.00002304.v1.g451140.t1 -          UDPGT                PF00201.25   2.5e-14   57.9   0.0   3.8e-14   57.3   0.0   1.2   1   0   0   1   1   1   1 -
GMO.00002273.v1.g402620.t1 -          UDPGT                PF00201.25   2.6e-14   57.9   0.0   3.8e-14   57.3   0.0   1.2   1   0   0   1   1   1   1 -
GMO.00001329.v1.g150050.t1 -          UDPGT                PF00201.25   3.4e-14   57.5   0.0   3.9e-14   57.3   0.0   1.1   1   0   0   1   1   1   1 -
GMO.00000555.v1.g022510.t1 -          UDPGT                PF00201.25   1.1e-13   55.8   0.0   1.7e-13   55.2   0.0   1.2   1   0   0   1   1   1   1 -
GMO.00002325.v1.g480800.t1 -          UDPGT                PF00201.25     2e-13   54.9   0.0   3.8e-13   54.0   0.0   1.3   1   0   0   1   1   1   1 -
GMO.00000193.v1.g004680.t1 -          UDPGT                PF00201.25   2.1e-13   54.8   0.0   2.4e-13   54.7   0.0   1.1   1   0   0   1   1   1   1 -
GMO.00001385.v1.g174780.t1 -          UDPGT                PF00201.25   4.9e-13   53.6   0.0   6.1e-13   53.3   0.0   1.1   1   0   0   1   1   1   1 -
GMO.00002652.v1.g654820.t1 -          UDPGT                PF00201.25   3.3e-12   50.9   0.0     7e-12   49.8   0.0   1.5   1   1   0   1   1   1   1 -
GMO.00002652.v1.g654830.t1 -          UDPGT                PF00201.25   6.9e-12   49.9   0.0   1.5e-11   48.8   0.0   1.5   1   1   0   1   1   1   1 -
GMO.00002652.v1.g654890.t1 -          UDPGT                PF00201.25   1.2e-11   49.1   0.0   4.6e-11   47.1   0.0   1.7   1   1   0   1   1   1   1 -
GMO.00001635.v1.g216200.t1 -          UDPGT                PF00201.25   1.3e-11   49.0   0.0   3.7e-11   47.5   0.0   1.8   1   1   0   1   1   1   1 -
GMO.00002652.v1.g654900.t1 -          UDPGT                PF00201.25   1.3e-11   49.0   0.0   3.7e-11   47.5   0.0   1.8   1   1   0   1   1   1   1 -
GMO.00000531.v1.g018770.t1 -          UDPGT                PF00201.25   1.1e-10   45.9   0.0   1.5e-10   45.4   0.0   1.2   1   0   0   1   1   1   1 -
GMO.00001366.v1.g167860.t1 -          UDPGT                PF00201.25   1.3e-10   45.6   0.0   1.9e-10   45.1   0.0   1.2   1   0   0   1   1   1   1 -
GMO.00002427.v1.g526370.t1 -          UDPGT                PF00201.25   3.7e-10   44.2   0.0   5.4e-10   43.6   0.0   1.2   1   0   0   1   1   1   1 -
GMO.00001244.v1.g131410.t1 -          UDPGT                PF00201.25   4.3e-10   43.9   0.0   6.4e-10   43.4   0.0   1.2   1   0   0   1   1   1   1 -
GMO.00001635.v1.g216160.t1 -          UDPGT                PF00201.25     2e-09   41.8   0.0   2.2e-09   41.6   0.0   1.1   1   0   0   1   1   1   1 -
GMO.00002652.v1.g654950.t1 -          UDPGT                PF00201.25     2e-09   41.8   0.0   2.2e-09   41.6   0.0   1.1   1   0   0   1   1   1   1 -
GMO.00000613.v1.g037180.t2 -          UDPGT                PF00201.25     2e-09   41.7   0.0   2.6e-09   41.4   0.0   1.1   1   0   0   1   1   1   1 -
GMO.00001111.v1.g109900.t1 -          UDPGT                PF00201.25   5.6e-09   40.3   0.0   8.9e-09   39.6   0.0   1.3   1   0   0   1   1   1   1 -
GMO.00002427.v1.g526360.t1 -          UDPGT                PF00201.25   7.3e-09   39.9   0.0     1e-08   39.4   0.0   1.2   1   0   0   1   1   1   1 -
GMO.00001244.v1.g131390.t1 -          UDPGT                PF00201.25   7.5e-09   39.8   0.0   1.1e-08   39.3   0.0   1.2   1   0   0   1   1   1   1 -
GMO.00002427.v1.g526350.t1 -          UDPGT                PF00201.25   7.6e-09   39.8   0.0   1.1e-08   39.3   0.0   1.2   1   0   0   1   1   1   1 -
GMO.00001244.v1.g131370.t1 -          UDPGT                PF00201.25   1.7e-08   38.6   0.0   3.6e-08   37.6   0.0   1.5   2   0   0   2   2   1   1 -
GMO.00002427.v1.g526330.t1 -          UDPGT                PF00201.25   2.4e-08   38.2   0.0   3.6e-08   37.6   0.0   1.2   1   0   0   1   1   1   1 -
GMO.00001244.v1.g131360.t1 -          UDPGT                PF00201.25   2.4e-08   38.2   0.0   3.6e-08   37.6   0.0   1.2   1   0   0   1   1   1   1 -
GMO.00002498.v1.g566970.t1 -          UDPGT                PF00201.25   4.6e-08   37.2   0.0   6.6e-08   36.7   0.0   1.2   1   0   0   1   1   1   1 -
GMO.00002497.v1.g563160.t1 -          UDPGT                PF00201.25     6e-08   36.9   0.0   8.6e-08   36.3   0.0   1.2   1   0   0   1   1   1   1 -
GMO.00002275.v1.g409510.t1 -          UDPGT                PF00201.25   2.4e-07   34.9   0.0   3.9e-07   34.2   0.0   1.3   1   0   0   1   1   1   1 -
GMO.00002427.v1.g526340.t1 -          UDPGT                PF00201.25   8.7e-07   33.0   0.0     2e-06   31.9   0.0   1.6   2   0   0   2   2   1   1 -
GMO.00000719.v1.g050270.t1 -          UDPGT                PF00201.25   9.5e-07   32.9   0.0   1.5e-06   32.3   0.0   1.3   1   0   0   1   1   1   1 -
GMO.00002497.v1.g564060.t1 -          UDPGT                PF00201.25   1.2e-05   29.2   0.0   2.4e-05   28.3   0.0   1.4   1   0   0   1   1   1   1 -
GMO.00002498.v1.g566100.t1 -          UDPGT                PF00201.25   1.2e-05   29.2   0.0   2.4e-05   28.3   0.0   1.4   1   0   0   1   1   1   1 -
GMO.00002363.v1.g509340.t1 -          UDPGT                PF00201.25   0.00026   24.9   0.0    0.0004   24.2   0.0   1.2   1   0   0   1   1   1   1 -
GMO.00001056.v1.g099120.t1 -          UDPGT                PF00201.25   0.00026   24.9   0.0    0.0004   24.2   0.0   1.2   1   0   0   1   1   1   1 -
GMO.00002216.v1.g354000.t1 -          UDPGT                PF00201.25   0.00027   24.8   0.0   0.00048   24.0   0.0   1.3   1   0   0   1   1   1   1 -
GMO.00000193.v1.g004690.t1 -          UDPGT                PF00201.25    0.0027   21.5   0.0    0.0039   21.0   0.0   1.1   1   0   0   1   1   1   0 -
GMO.00001595.v1.g204200.t1 -          UDPGT                PF00201.25     0.017   18.9   0.0      0.34   14.6   0.0   2.1   2   0   0   2   2   2   0 -
GMO.00002769.v1.g680020.t1 -          UDPGT                PF00201.25     0.037   17.8   0.0      0.34   14.6   0.0   2.0   2   0   0   2   2   2   0 -
GMO.00001596.v1.g204660.t1 -          UDPGT                PF00201.25      0.46   14.2   0.0       0.7   13.5   0.0   1.2   1   0   0   1   1   1   0 -
GMO.00002514.v1.g580080.t1 -          UDPGT                PF00201.25      0.46   14.2   0.0      0.74   13.5   0.0   1.2   1   0   0   1   1   1   0 -
#
# Program:         hmmsearch
# Version:         3.4 (Aug 2023)
# Pipeline mode:   SEARCH
# Query file:      /Users/agata/Documents/cannamatrix/Project_02/Analysis/UGT/PF00201.hmm
# Target file:     /Users/agata/Documents/cannamatrix/Project_01/genome_Cannabis_GMO/genes_v1/GMO.v1.primary_high_confidence.proteins.fasta
# Option settings: hmmsearch -o /Users/agata/Documents/cannamatrix/Project_02/Analysis/UGT//GMO.v1.primary_high_confidence.proteins/PF00201.log -A /Users/agata/Documents/cannamatrix/Project_02/Analysis/UGT//GMO.v1.primary_high_confidence.proteins/PF00201.sto --tblout /Users/agata/Documents/cannamatrix/Project_02/Analysis/UGT//GMO.v1.primary_high_confidence.proteins/PF00201.tbl --incE 0.001 -Z 567483 /Users/agata/Documents/cannamatrix/Project_02/Analysis/UGT/PF00201.hmm /Users/agata/Documents/cannamatrix/Project_01/genome_Cannabis_GMO/genes_v1/GMO.v1.primary_high_confidence.proteins.fasta 
# Current dir:     /Users/agata/Documents/cannamatrix/Project_02/Analysis
# Date:            Mon Mar 16 15:42:32 2026
# [ok]
